1 512 50 1.929014e-01 3.082551e-02
2 2048 50 1.432637e-02 2.500432e-01
4 4096 50 3.604361e-03 5.106452e-01
1 2048 50 1.429287e-02 5.084366e-01
2 512 50 1.929147e-01 1.693837e-02
16 1024 50 5.543619e-02 2.540476e-02
1 4096 50 3.526251e-03 2.020066e+00
4 2048 50 1.433998e-02 1.278990e-01
8 4096 50 3.612944e-03 2.608219e-01
32 2048 50 1.434826e-02 3.139095e-02
32 1024 50 5.543666e-02 2.334059e-02
32 4096 50 3.617815e-03 8.531744e-02
32 512 50 1.929218e-01 1.497109e-02
56 1024 50 5.543672e-02 3.928177e-02
2 4096 50 3.580354e-03 1.016897e+00
4 512 50 1.929194e-01 8.945203e-03
8 1024 50 5.543463e-02 1.768911e-02
16 512 50 1.929219e-01 1.640698e-02
56 4096 50 3.618138e-03 7.963007e-02
4 1024 50 5.543203e-02 3.412805e-02
8 512 50 1.929216e-01 5.081266e-03
16 4096 50 3.616090e-03 1.480313e-01
8 2048 50 1.434537e-02 6.747369e-02
2 1024 50 5.542481e-02 6.651634e-02
16 2048 50 1.434739e-02 4.841117e-02
56 512 50 1.929218e-01 4.074934e-02
56 2048 50 1.434837e-02 4.459866e-02
1 1024 50 5.540609e-02 1.240680e-01
1 512 50 1.929014e-01 3.087679e-02
1 4096 50 3.526251e-03 2.016657e+00
1 1024 50 5.540609e-02 1.247224e-01
16 4096 50 3.616090e-03 1.457952e-01
8 512 50 1.929216e-01 5.022132e-03
2 2048 50 1.432637e-02 2.503018e-01
32 1024 50 5.543666e-02 2.076095e-02
2 1024 50 5.542481e-02 7.651648e-02
4 512 50 1.929194e-01 8.955753e-03
8 1024 50 5.543463e-02 1.779123e-02
32 512 50 1.929218e-01 1.945073e-02
56 512 50 1.929218e-01 2.780233e-02
32 4096 50 3.617815e-03 9.482512e-02
56 1024 50 5.543672e-02 4.307419e-02
8 2048 50 1.434537e-02 6.757581e-02
16 512 50 1.929219e-01 1.844599e-02
2 512 50 1.929147e-01 1.691851e-02
16 1024 50 5.543619e-02 2.461577e-02
16 2048 50 1.434739e-02 5.075528e-02
8 4096 50 3.612944e-03 2.599330e-01
4 1024 50 5.543203e-02 3.385293e-02
4 2048 50 1.433998e-02 1.264702e-01
2 4096 50 3.580354e-03 1.011600e+00
56 2048 50 1.434837e-02 4.870062e-02
4 4096 50 3.604361e-03 5.095369e-01
56 4096 50 3.618138e-03 7.512945e-02
1 2048 50 1.429287e-02 5.071516e-01
32 2048 50 1.434826e-02 3.175911e-02
