1 512 50 1.929014e-01 3.083589e-02
4 1024 50 5.543203e-02 3.391901e-02
8 2048 50 1.434537e-02 6.752833e-02
8 1024 50 5.543463e-02 1.776061e-02
16 2048 50 1.434739e-02 4.921516e-02
1 2048 50 1.429287e-02 5.060906e-01
2 2048 50 1.432637e-02 2.522839e-01
4 512 50 1.929194e-01 8.971917e-03
8 512 50 1.929216e-01 5.150242e-03
32 1024 50 5.543666e-02 2.118682e-02
1 4096 50 3.526251e-03 2.020662e+00
4 4096 50 3.604361e-03 5.106949e-01
16 512 50 1.929219e-01 1.625704e-02
32 2048 50 1.434826e-02 3.541286e-02
32 512 50 1.929218e-01 1.848666e-02
56 4096 50 3.618138e-03 7.867330e-02
2 512 50 1.929147e-01 1.690553e-02
16 1024 50 5.543619e-02 2.568956e-02
16 4096 50 3.616090e-03 1.482695e-01
2 1024 50 5.542481e-02 6.641501e-02
56 2048 50 1.434837e-02 5.171774e-02
4 2048 50 1.433998e-02 1.271359e-01
8 4096 50 3.612944e-03 2.592648e-01
32 4096 50 3.617815e-03 8.642856e-02
56 512 50 1.929218e-01 4.082570e-02
56 1024 50 5.543672e-02 3.767630e-02
1 1024 50 5.540609e-02 1.248193e-01
2 4096 50 3.580354e-03 1.011327e+00
1 512 50 1.929014e-01 3.089849e-02
2 512 50 1.929147e-01 1.697352e-02
2 1024 50 5.542481e-02 6.646251e-02
1 4096 50 3.526251e-03 2.018700e+00
8 512 50 1.929216e-01 5.136080e-03
8 1024 50 5.543463e-02 1.779016e-02
32 4096 50 3.617815e-03 9.006559e-02
16 512 50 1.929219e-01 2.025279e-02
16 4096 50 3.616090e-03 1.469025e-01
4 512 50 1.929194e-01 8.957423e-03
1 1024 50 5.540609e-02 1.250583e-01
8 4096 50 3.612944e-03 2.607173e-01
2 2048 50 1.432637e-02 2.501265e-01
32 1024 50 5.543666e-02 2.306323e-02
56 4096 50 3.618138e-03 8.968214e-02
1 2048 50 1.429287e-02 5.061741e-01
4 2048 50 1.433998e-02 1.262187e-01
32 2048 50 1.434826e-02 3.537316e-02
56 2048 50 1.434837e-02 5.016877e-02
32 512 50 1.929218e-01 1.954825e-02
16 2048 50 1.434739e-02 5.127733e-02
56 512 50 1.929218e-01 3.307700e-02
2 4096 50 3.580354e-03 1.011423e+00
56 1024 50 5.543672e-02 4.305875e-02
16 1024 50 5.543619e-02 2.605550e-02
8 2048 50 1.434537e-02 6.731878e-02
4 4096 50 3.604361e-03 5.105140e-01
4 1024 50 5.543203e-02 3.415495e-02
