2 5734 50 1.805330e-03 1.948339e+00
1 4096 50 3.526251e-03 2.023596e+00
8 11468 50 4.519179e-04 1.973336e+00
4 8192 50 8.833984e-04 2.092388e+00
32 22937 50 1.135556e-04 2.122192e+00
16 16384 50 2.193358e-04 2.345434e+00
56 30310 50 6.457095e-05 3.001496e+00
2 5734 50 1.805330e-03 1.947141e+00
1 4096 50 3.526251e-03 2.025099e+00
4 8192 50 8.833984e-04 2.092696e+00
8 11468 50 4.519179e-04 1.974924e+00
16 16384 50 2.193358e-04 2.345319e+00
56 30310 50 6.457095e-05 3.003255e+00
32 22937 50 1.135556e-04 2.155743e+00
2 5734 50 1.805330e-03 1.950145e+00
1 4096 50 3.526251e-03 2.016648e+00
4 8192 50 8.833984e-04 2.101154e+00
1 4096 50 3.526251e-03 2.019601e+00
8 11468 50 4.519179e-04 1.969776e+00
32 22937 50 1.135556e-04 2.125029e+00
16 16384 50 2.193358e-04 2.357598e+00
2 5734 50 1.805330e-03 1.950700e+00
56 30310 50 6.457095e-05 3.260319e+00
8 11468 50 4.519179e-04 1.980866e+00
4 8192 50 8.833984e-04 2.091491e+00
16 16384 50 2.193358e-04 2.354442e+00
32 22937 50 1.135556e-04 2.153425e+00
56 30310 50 6.457095e-05 2.995400e+00
