8 11468 50 4.519179e-04 1.971051e+00
2 5734 50 1.805330e-03 1.946968e+00
4 8192 50 8.833984e-04 2.096711e+00
1 4096 50 3.526251e-03 2.016038e+00
32 22937 50 1.135556e-04 2.154237e+00
16 16384 50 2.193358e-04 2.349399e+00
2 5734 50 1.805330e-03 1.945889e+00
4 8192 50 8.833984e-04 2.090567e+00
1 4096 50 3.526251e-03 2.015654e+00
56 30310 50 6.457095e-05 3.011533e+00
8 11468 50 4.519179e-04 1.975541e+00
16 16384 50 2.193358e-04 2.390057e+00
56 30310 50 6.457095e-05 3.015665e+00
32 22937 50 1.135556e-04 2.123575e+00
2 5734 50 1.805330e-03 1.948335e+00
1 4096 50 3.526251e-03 2.020120e+00
4 8192 50 8.833984e-04 2.095317e+00
8 11468 50 4.519179e-04 1.981784e+00
32 22937 50 1.135556e-04 2.126032e+00
16 16384 50 2.193358e-04 2.362944e+00
56 30310 50 6.457095e-05 3.277896e+00
2 5734 50 1.805330e-03 1.950144e+00
4 8192 50 8.833984e-04 2.100908e+00
1 4096 50 3.526251e-03 2.017148e+00
8 11468 50 4.519179e-04 1.978795e+00
16 16384 50 2.193358e-04 2.352193e+00
32 22937 50 1.135556e-04 2.128971e+00
56 30310 50 6.457095e-05 3.392645e+00
