time_allocation,time_retrieve,time_total,n,rows_per_block,threads_per_line, max_iter
0.0453412,2.7465e-05,1.32573,5000,1,1,500
0.045764,2.6444e-05,0.923155,5000,2,1,500
0.0458138,2.7386e-05,0.893318,5000,4,1,500
0.0457622,2.7138e-05,0.865909,5000,8,1,500
0.0457627,2.6723e-05,0.859003,5000,16,1,500
0.045783,2.6283e-05,0.940219,5000,32,1,500
0.0457328,2.6545e-05,0.910483,5000,64,1,500
0.0457956,2.5728e-05,0.947754,5000,128,1,500
0.0457343,2.6119e-05,1.20482,5000,256,1,500
0.0457863,2.7562e-05,1.81869,5000,512,1,500
0.0437425,2.6981e-05,2.68528,5000,1024,1,500
0.0456911,2.5308e-05,1.1055,5000,1,2,500
0.0457255,2.5825e-05,0.873674,5000,2,2,500
0.0458432,3.3525e-05,0.851657,5000,4,2,500
0.0457042,2.6454e-05,0.836235,5000,8,2,500
0.0457543,2.6397e-05,0.826874,5000,16,2,500
0.0457137,2.8498e-05,0.822938,5000,32,2,500
0.0458245,2.6373e-05,0.825663,5000,64,2,500
0.0457424,2.5901e-05,0.854176,5000,128,2,500
0.0457702,2.7554e-05,1.02316,5000,256,2,500
0.045829,2.6972e-05,1.21411,5000,512,2,500
0.0457731,2.6356e-05,1.03795,5000,1,4,500
0.0438311,2.5383e-05,0.888098,5000,2,4,500
0.0457853,2.6956e-05,0.822781,5000,4,4,500
0.0458041,2.6219e-05,0.796009,5000,8,4,500
0.0458391,2.6345e-05,0.799637,5000,16,4,500
0.0457748,2.6484e-05,0.792754,5000,32,4,500
0.0457867,2.6496e-05,0.842539,5000,64,4,500
0.0457576,2.6593e-05,0.803718,5000,128,4,500
0.0458197,3.394e-05,0.816961,5000,256,4,500
0.0458434,3.7483e-05,0.882843,5000,1,8,500
0.0458096,2.6255e-05,0.779404,5000,2,8,500
0.0458244,2.6261e-05,0.782251,5000,4,8,500
0.0457677,2.6531e-05,0.83845,5000,8,8,500
0.0458029,2.7573e-05,0.773417,5000,16,8,500
0.045725,2.5668e-05,0.791175,5000,32,8,500
0.0457798,2.7052e-05,0.76996,5000,64,8,500
0.0457504,2.6671e-05,0.779412,5000,128,8,500
0.0457505,2.598e-05,0.638264,5000,1,16,500
0.0458044,2.6796e-05,0.606153,5000,2,16,500
0.0456586,2.643e-05,0.651897,5000,4,16,500
0.0458703,2.6064e-05,0.604086,5000,8,16,500
0.0457987,2.555e-05,0.601283,5000,16,16,500
0.0457676,2.6326e-05,0.629297,5000,32,16,500
0.0458025,2.6246e-05,0.603338,5000,64,16,500
0.0457825,2.6554e-05,0.575432,5000,1,32,500
0.0457285,2.5877e-05,0.558782,5000,2,32,500
0.0457512,2.6465e-05,0.556222,5000,4,32,500
0.0458315,2.6213e-05,0.569302,5000,8,32,500
0.0457358,2.6751e-05,0.561542,5000,16,32,500
0.0457745,2.7567e-05,0.558096,5000,32,32,500
0.0458248,3.6862e-05,0.585436,5000,1,64,500
0.0457311,2.6016e-05,0.552335,5000,2,64,500
0.045845,2.6318e-05,0.549385,5000,4,64,500
0.0457301,2.6387e-05,0.544008,5000,8,64,500
0.0457941,2.7169e-05,0.586422,5000,16,64,500
0.0458077,2.6301e-05,0.546528,5000,1,128,500
0.0458544,2.6928e-05,0.545155,5000,2,128,500
0.0457934,2.6189e-05,0.545617,5000,4,128,500
0.0460351,2.5396e-05,0.563591,5000,8,128,500
0.0450331,2.6111e-05,0.54539,5000,1,256,500
0.0458035,2.6473e-05,0.540278,5000,2,256,500
0.0457181,2.6914e-05,0.554623,5000,4,256,500
0.0457394,2.665e-05,0.542806,5000,1,512,500
0.0458027,2.6686e-05,0.541801,5000,2,512,500
0.0457731,2.7173e-05,0.557965,5000,1,1024,500
0.176433,4.0364e-05,3.92101,10000,1,1,500
0.176527,4.0035e-05,2.52297,10000,2,1,500
0.176495,3.9486e-05,2.00021,10000,4,1,500
0.176354,3.983e-05,1.92791,10000,8,1,500
0.176196,4.0948e-05,1.90881,10000,16,1,500
0.1764,3.9731e-05,1.93028,10000,32,1,500
0.176452,4.0228e-05,1.92248,10000,64,1,500
0.176525,3.979e-05,1.92826,10000,128,1,500
0.176615,4.006e-05,2.41065,10000,256,1,500
0.176059,4.1704e-05,3.57206,10000,512,1,500
0.176642,4.0742e-05,5.47884,10000,1024,1,500
0.176356,4.0177e-05,3.26353,10000,1,2,500
0.176613,4.0144e-05,2.27043,10000,2,2,500
0.176656,4.0435e-05,1.95945,10000,4,2,500
0.176219,4.186e-05,1.87641,10000,8,2,500
0.176807,3.9852e-05,1.87008,10000,16,2,500
0.176079,4.0572e-05,1.86206,10000,32,2,500
0.178918,4.1153e-05,1.86608,10000,64,2,500
0.176267,3.9836e-05,1.87007,10000,128,2,500
0.176669,4.037e-05,1.97719,10000,256,2,500
0.176663,3.9642e-05,2.3779,10000,512,2,500
0.178792,4.1577e-05,2.99983,10000,1,4,500
0.176449,4.0719e-05,2.17097,10000,2,4,500
0.176223,4.0306e-05,1.92722,10000,4,4,500
0.179016,4.1302e-05,1.86111,10000,8,4,500
0.176253,4.098e-05,1.86871,10000,16,4,500
0.176107,3.9801e-05,1.8485,10000,32,4,500
0.176165,4.125e-05,1.84654,10000,64,4,500
0.176225,4.1262e-05,1.83094,10000,128,4,500
0.176071,4.669e-05,1.86953,10000,256,4,500
0.176161,4.097e-05,2.24707,10000,1,8,500
0.176116,4.0376e-05,1.93899,10000,2,8,500
0.176145,4.0222e-05,1.79793,10000,4,8,500
0.176085,4.0008e-05,1.79538,10000,8,8,500
0.176262,4.1256e-05,1.79502,10000,16,8,500
0.176326,4.6085e-05,1.78944,10000,32,8,500
0.17617,4.0558e-05,1.78836,10000,64,8,500
0.176171,4.0347e-05,1.78542,10000,128,8,500
0.176237,4.0632e-05,1.39414,10000,1,16,500
0.177529,3.9082e-05,1.23085,10000,2,16,500
0.176246,3.8758e-05,1.16873,10000,4,16,500
0.176109,4.0211e-05,1.16281,10000,8,16,500
0.176053,4.0432e-05,1.1598,10000,16,16,500
0.176018,4.0939e-05,1.16091,10000,32,16,500
0.176139,4.0258e-05,1.16279,10000,64,16,500
0.176338,4.0371e-05,1.12388,10000,1,32,500
0.175929,3.9264e-05,1.0781,10000,2,32,500
0.176253,3.9432e-05,1.07973,10000,4,32,500
0.175918,3.9885e-05,1.07702,10000,8,32,500
0.176101,4.0061e-05,1.07207,10000,16,32,500
0.176191,3.9501e-05,1.07275,10000,32,32,500
0.176147,4.0352e-05,1.0526,10000,1,64,500
0.176778,3.9722e-05,1.04881,10000,2,64,500
0.176084,3.9587e-05,1.05353,10000,4,64,500
0.176077,4.0643e-05,1.04668,10000,8,64,500
0.176233,4.0081e-05,1.05035,10000,16,64,500
0.176136,4.0115e-05,1.0385,10000,1,128,500
0.175961,4.0795e-05,1.03737,10000,2,128,500
0.176259,3.9342e-05,1.03752,10000,4,128,500
0.175981,4.0715e-05,1.0418,10000,8,128,500
0.176121,3.9598e-05,1.02474,10000,1,256,500
0.176187,4.5783e-05,1.02825,10000,2,256,500
0.176466,4.019e-05,1.02975,10000,4,256,500
0.175972,3.9485e-05,1.02084,10000,1,512,500
0.176026,3.9126e-05,1.0254,10000,2,512,500
0.176001,3.9598e-05,1.02397,10000,1,1024,500
0.69579,6.4113e-05,14.4834,20000,1,1,500
0.695262,6.4967e-05,8.87211,20000,2,1,500
0.694698,6.3968e-05,6.82679,20000,4,1,500
0.694505,6.4224e-05,6.13236,20000,8,1,500
0.695073,6.5682e-05,6.19422,20000,16,1,500
0.696576,6.278e-05,6.20695,20000,32,1,500
0.695147,6.4616e-05,6.19263,20000,64,1,500
0.696207,6.3779e-05,6.17561,20000,128,1,500
0.695423,6.461e-05,6.17249,20000,256,1,500
0.696974,6.5737e-05,7.86451,20000,512,1,500
0.69563,6.3672e-05,13.2145,20000,1024,1,500
0.695231,6.3577e-05,11.8177,20000,1,2,500
0.695532,6.3229e-05,7.81862,20000,2,2,500
0.695634,6.2873e-05,6.59733,20000,4,2,500
0.696132,6.375e-05,6.00953,20000,8,2,500
0.696229,6.3767e-05,6.06512,20000,16,2,500
0.694481,6.3788e-05,6.06228,20000,32,2,500
0.695191,6.3911e-05,6.05111,20000,64,2,500
0.695831,6.4122e-05,6.04266,20000,128,2,500
0.696851,6.3744e-05,6.04168,20000,256,2,500
0.694793,6.3677e-05,6.10919,20000,512,2,500
0.695925,6.4085e-05,10.7595,20000,1,4,500
0.695199,6.3689e-05,7.44339,20000,2,4,500
0.695578,6.2873e-05,6.32682,20000,4,4,500
0.695606,6.4393e-05,5.92843,20000,8,4,500
0.697391,6.5413e-05,5.94574,20000,16,4,500
0.695997,6.3543e-05,5.96425,20000,32,4,500
0.69545,6.4351e-05,5.95845,20000,64,4,500
0.695599,6.4767e-05,5.96449,20000,128,4,500
0.695798,6.3877e-05,5.97002,20000,256,4,500
0.695669,7.4054e-05,7.80508,20000,1,8,500
0.696205,6.359e-05,6.57192,20000,2,8,500
0.696037,6.2088e-05,6.02978,20000,4,8,500
0.697388,6.4187e-05,5.79745,20000,8,8,500
0.695378,6.3655e-05,5.79505,20000,16,8,500
0.695656,6.3618e-05,5.80448,20000,32,8,500
0.695222,6.304e-05,5.79266,20000,64,8,500
0.694783,6.4629e-05,5.79372,20000,128,8,500
0.694989,6.417e-05,4.40593,20000,1,16,500
0.69504,6.9129e-05,3.77319,20000,2,16,500
0.696209,6.3935e-05,3.52091,20000,4,16,500
0.695694,6.2784e-05,3.518,20000,8,16,500
0.696285,6.4252e-05,3.5137,20000,16,16,500
0.695982,6.3678e-05,3.51118,20000,32,16,500
0.695301,6.3232e-05,3.5167,20000,64,16,500
0.69581,6.2356e-05,3.28515,20000,1,32,500
0.694916,6.3016e-05,3.11313,20000,2,32,500
0.696097,6.4065e-05,3.11254,20000,4,32,500
0.695153,6.3343e-05,3.10542,20000,8,32,500
0.694189,7.1329e-05,3.10149,20000,16,32,500
0.696165,6.3173e-05,3.10585,20000,32,32,500
0.696444,6.2523e-05,3.04074,20000,1,64,500
0.696008,6.3101e-05,3.04152,20000,2,64,500
0.695404,6.4824e-05,3.0306,20000,4,64,500
0.695943,6.3369e-05,3.02565,20000,8,64,500
0.695153,6.4033e-05,3.02889,20000,16,64,500
0.694981,6.3991e-05,3.00191,20000,1,128,500
0.695366,6.3257e-05,3.00244,20000,2,128,500
0.695357,6.497e-05,3.00082,20000,4,128,500
0.695509,6.3462e-05,2.99795,20000,8,128,500
0.694758,6.3851e-05,2.97773,20000,1,256,500
0.695102,6.3191e-05,2.98037,20000,2,256,500
0.695229,6.3528e-05,2.98539,20000,4,256,500
0.694921,6.4267e-05,2.95572,20000,1,512,500
0.695014,7.2786e-05,2.96394,20000,2,512,500
0.695521,6.326e-05,2.94546,20000,1,1024,500
0.04575,2.7435e-05,1.26875,5000,1,1,500
0.0456669,2.6547e-05,0.91714,5000,2,1,500
0.0456737,2.5838e-05,0.892521,5000,4,1,500
0.0455959,2.5925e-05,0.866069,5000,8,1,500
0.0456633,2.6039e-05,0.857396,5000,16,1,500
0.0456581,2.6519e-05,0.901366,5000,32,1,500
0.0457234,2.6595e-05,0.908568,5000,64,1,500
0.045657,2.6575e-05,0.925487,5000,128,1,500
0.0457065,2.661e-05,1.20155,5000,256,1,500
0.0456489,2.6813e-05,1.77541,5000,512,1,500
0.0456817,2.6534e-05,2.67061,5000,1024,1,500
0.045824,2.5664e-05,1.10218,5000,1,2,500
0.0456949,2.5926e-05,0.856596,5000,2,2,500
0.0457176,2.66e-05,0.849439,5000,4,2,500
0.0457207,2.6848e-05,0.821036,5000,8,2,500
0.0457166,2.6841e-05,0.82394,5000,16,2,500
0.0456821,2.6715e-05,0.817046,5000,32,2,500
0.0468486,2.6314e-05,0.817297,5000,64,2,500
0.0456564,2.7014e-05,0.853773,5000,128,2,500
0.0456591,2.5953e-05,0.982868,5000,256,2,500
0.0457173,2.5583e-05,1.21052,5000,512,2,500
0.0456871,2.757e-05,1.03225,5000,1,4,500
0.045784,2.6037e-05,0.840132,5000,2,4,500
0.0458781,2.7603e-05,0.824402,5000,4,4,500
0.045623,2.6846e-05,0.796304,5000,8,4,500
0.0456567,2.6079e-05,0.792311,5000,16,4,500
0.0456536,2.695e-05,0.791095,5000,32,4,500
0.0456967,2.5795e-05,0.791474,5000,64,4,500
0.0457616,3.2239e-05,0.802555,5000,128,4,500
0.0457204,2.7252e-05,0.816046,5000,256,4,500
0.0456848,2.6328e-05,0.846996,5000,1,8,500
0.0457171,3.1639e-05,0.776805,5000,2,8,500
0.0456837,2.6651e-05,0.781257,5000,4,8,500
0.0456921,2.7055e-05,0.773637,5000,8,8,500
0.0456703,2.6893e-05,0.770318,5000,16,8,500
0.0456622,2.6771e-05,0.770905,5000,32,8,500
0.0457222,2.6553e-05,0.766781,5000,64,8,500
0.0456552,2.628e-05,0.784637,5000,128,8,500
0.0456821,2.6793e-05,0.640469,5000,1,16,500
0.0457695,2.6206e-05,0.604389,5000,2,16,500
0.0456588,2.6816e-05,0.607468,5000,4,16,500
0.0456597,2.6673e-05,0.600998,5000,8,16,500
0.0456078,3.1463e-05,0.603576,5000,16,16,500
0.0457508,3.2025e-05,0.599797,5000,32,16,500
0.0456753,2.6101e-05,0.603207,5000,64,16,500
0.0457103,2.5714e-05,0.566765,5000,1,32,500
0.0457139,2.6419e-05,0.555302,5000,2,32,500
0.0459139,2.6643e-05,0.558464,5000,4,32,500
0.0456895,2.5983e-05,0.557129,5000,8,32,500
0.0457282,2.6719e-05,0.553751,5000,16,32,500
0.0456757,2.7198e-05,0.556492,5000,32,32,500
0.0457492,2.7094e-05,0.549074,5000,1,64,500
0.0456232,2.6488e-05,0.547875,5000,2,64,500
0.0457255,2.6919e-05,0.550567,5000,4,64,500
0.0456542,2.6003e-05,0.55077,5000,8,64,500
0.0456979,2.5739e-05,0.546901,5000,16,64,500
0.045684,2.6044e-05,0.543861,5000,1,128,500
0.0456354,2.6399e-05,0.542856,5000,2,128,500
0.0457759,2.6236e-05,0.5426,5000,4,128,500
0.0456687,2.585e-05,0.544952,5000,8,128,500
0.0457761,2.6106e-05,0.54223,5000,1,256,500
0.0456966,2.6327e-05,0.542022,5000,2,256,500
0.0456978,2.6921e-05,0.545186,5000,4,256,500
0.0457397,2.6643e-05,0.540245,5000,1,512,500
0.0458295,2.6872e-05,0.542698,5000,2,512,500
0.0456978,2.6293e-05,0.542174,5000,1,1024,500
0.176356,3.9631e-05,3.91854,10000,1,1,500
0.176287,3.9107e-05,2.51772,10000,2,1,500
0.176482,4.0375e-05,1.99636,10000,4,1,500
0.176369,4.0505e-05,1.90718,10000,8,1,500
0.176055,4.0375e-05,1.89403,10000,16,1,500
0.17614,3.8952e-05,1.93051,10000,32,1,500
0.176034,4.0361e-05,1.91654,10000,64,1,500
0.176053,4.0356e-05,1.92137,10000,128,1,500
0.176167,3.9866e-05,2.37692,10000,256,1,500
0.176259,4.0674e-05,3.57736,10000,512,1,500
0.176255,4.0297e-05,5.40992,10000,1024,1,500
0.176265,3.9832e-05,3.25642,10000,1,2,500
0.176173,4.1362e-05,2.25762,10000,2,2,500
0.17623,4.0801e-05,1.94244,10000,4,2,500
0.176294,3.9764e-05,1.86793,10000,8,2,500
0.175992,4.1394e-05,1.8659,10000,16,2,500
0.176618,3.9841e-05,1.85668,10000,32,2,500
0.175936,4.0081e-05,1.85964,10000,64,2,500
0.175996,3.9883e-05,1.86323,10000,128,2,500
0.176083,4.0282e-05,1.97435,10000,256,2,500
0.175985,4.1218e-05,2.36075,10000,512,2,500
0.176139,4.0418e-05,2.99156,10000,1,4,500
0.175919,4.0026e-05,2.16328,10000,2,4,500
0.176604,4.1162e-05,1.92175,10000,4,4,500
0.1759,4.0627e-05,1.85344,10000,8,4,500
0.176078,4.0099e-05,1.85383,10000,16,4,500
0.175978,4.0321e-05,1.84392,10000,32,4,500
0.176485,4.0955e-05,1.84635,10000,64,4,500
0.176048,4.063e-05,1.83294,10000,128,4,500
0.176184,4.0133e-05,1.8758,10000,256,4,500
0.176139,3.9398e-05,2.24682,10000,1,8,500
0.175855,4.0993e-05,1.94149,10000,2,8,500
0.176255,4.0007e-05,1.79544,10000,4,8,500
0.176041,4.113e-05,1.79292,10000,8,8,500
0.176026,4.051e-05,1.79528,10000,16,8,500
0.176397,4.5619e-05,1.79267,10000,32,8,500
0.176341,4.0655e-05,1.79323,10000,64,8,500
0.176296,4.0722e-05,1.78369,10000,128,8,500
0.176011,4.0569e-05,1.39036,10000,1,16,500
0.176205,4.0084e-05,1.22951,10000,2,16,500
0.175937,3.9739e-05,1.1691,10000,4,16,500
0.17622,3.9947e-05,1.16304,10000,8,16,500
0.176226,3.941e-05,1.15908,10000,16,16,500
0.176419,4.0593e-05,1.16102,10000,32,16,500
0.176164,4.0823e-05,1.15869,10000,64,16,500
0.176121,4.0045e-05,1.11908,10000,1,32,500
0.176057,4.0883e-05,1.08148,10000,2,32,500
0.176033,4.1031e-05,1.07821,10000,4,32,500
0.176175,4.0661e-05,1.07618,10000,8,32,500
0.176059,3.9979e-05,1.07613,10000,16,32,500
0.176188,4.0359e-05,1.07438,10000,32,32,500
0.17589,3.9856e-05,1.04975,10000,1,64,500
0.176117,4.0175e-05,1.04764,10000,2,64,500
0.176081,3.9733e-05,1.04857,10000,4,64,500
0.176149,3.9946e-05,1.04912,10000,8,64,500
0.17612,4.0695e-05,1.04966,10000,16,64,500
0.176591,4.037e-05,1.03754,10000,1,128,500
0.175918,4.0796e-05,1.03698,10000,2,128,500
0.176647,4.0313e-05,1.04389,10000,4,128,500
0.176404,4.051e-05,1.04482,10000,8,128,500
0.176894,4.0263e-05,1.04862,10000,1,256,500
0.176343,3.9834e-05,1.02492,10000,2,256,500
0.175846,3.9088e-05,1.0285,10000,4,256,500
0.176279,3.9142e-05,1.0223,10000,1,512,500
0.175949,4.5712e-05,1.02384,10000,2,512,500
0.176147,4.1186e-05,1.02642,10000,1,1024,500
0.695398,6.3952e-05,14.4825,20000,1,1,500
0.69543,6.4843e-05,8.87479,20000,2,1,500
0.695341,6.3635e-05,6.82128,20000,4,1,500
0.696738,6.3669e-05,6.10623,20000,8,1,500
0.695242,6.4038e-05,6.17625,20000,16,1,500
0.69564,6.4904e-05,6.20146,20000,32,1,500
0.695956,6.3795e-05,6.17629,20000,64,1,500
0.695479,6.4107e-05,6.18569,20000,128,1,500
0.695659,6.2738e-05,6.16833,20000,256,1,500
0.695722,7.2334e-05,7.87011,20000,512,1,500
0.695029,6.4772e-05,13.2176,20000,1024,1,500
0.697055,6.2999e-05,11.8234,20000,1,2,500
0.696291,6.4327e-05,7.81908,20000,2,2,500
0.695937,6.9533e-05,6.59958,20000,4,2,500
0.695327,6.3141e-05,6.00724,20000,8,2,500
0.695944,6.4636e-05,6.08751,20000,16,2,500
0.695227,6.3915e-05,6.06868,20000,32,2,500
0.696241,6.3198e-05,6.05027,20000,64,2,500
0.695484,6.3531e-05,6.04427,20000,128,2,500
0.695372,6.3545e-05,6.04519,20000,256,2,500
0.694904,6.5286e-05,6.11703,20000,512,2,500
0.695696,6.2994e-05,10.7598,20000,1,4,500
0.694938,6.3487e-05,7.43194,20000,2,4,500
0.695744,6.5069e-05,6.3242,20000,4,4,500
0.696153,6.5545e-05,5.92688,20000,8,4,500
0.696001,6.4529e-05,5.94305,20000,16,4,500
0.695638,6.3567e-05,5.96549,20000,32,4,500
0.695119,6.3255e-05,5.95873,20000,64,4,500
0.695142,6.422e-05,5.96735,20000,128,4,500
0.696051,6.468e-05,5.97239,20000,256,4,500
0.695027,6.3695e-05,7.80254,20000,1,8,500
0.695108,6.4376e-05,6.57402,20000,2,8,500
0.69553,6.3934e-05,6.02865,20000,4,8,500
0.695237,6.5078e-05,5.80179,20000,8,8,500
0.694824,6.3562e-05,5.80045,20000,16,8,500
0.694489,6.6012e-05,5.80316,20000,32,8,500
0.695076,6.349e-05,5.79043,20000,64,8,500
0.695296,6.4153e-05,5.79088,20000,128,8,500
0.695327,6.3889e-05,4.40743,20000,1,16,500
0.695074,6.415e-05,3.76987,20000,2,16,500
0.694931,6.3167e-05,3.51675,20000,4,16,500
0.694817,6.3795e-05,3.5165,20000,8,16,500
0.695662,6.3951e-05,3.51771,20000,16,16,500
0.695775,6.377e-05,3.51201,20000,32,16,500
0.695696,6.3928e-05,3.51773,20000,64,16,500
0.696494,6.3311e-05,3.28428,20000,1,32,500
0.696241,6.3657e-05,3.11791,20000,2,32,500
0.695957,6.4294e-05,3.11201,20000,4,32,500
0.695282,6.3279e-05,3.10818,20000,8,32,500
0.69507,6.445e-05,3.1015,20000,16,32,500
0.69566,6.2959e-05,3.10407,20000,32,32,500
0.696146,6.4746e-05,3.0382,20000,1,64,500
0.695092,6.336e-05,3.04059,20000,2,64,500
0.695641,6.3561e-05,3.02713,20000,4,64,500
0.695365,6.354e-05,3.02391,20000,8,64,500
0.69521,6.4686e-05,3.03086,20000,16,64,500
0.695183,6.4234e-05,3.00162,20000,1,128,500
0.694921,6.2473e-05,2.9988,20000,2,128,500
0.695414,6.3626e-05,2.99688,20000,4,128,500
0.695573,6.2784e-05,3.00279,20000,8,128,500
0.695337,6.4252e-05,2.97611,20000,1,256,500
0.695366,6.3933e-05,2.98471,20000,2,256,500
0.695543,6.4221e-05,2.98856,20000,4,256,500
0.694978,6.4174e-05,2.95521,20000,1,512,500
0.695144,6.3249e-05,2.96351,20000,2,512,500
0.695466,6.3799e-05,2.94555,20000,1,1024,500
0.0457616,2.6728e-05,1.27348,5000,1,1,500
0.0457167,2.5515e-05,0.914441,5000,2,1,500
0.0457385,2.8354e-05,0.890946,5000,4,1,500
0.0456126,2.6535e-05,0.861754,5000,8,1,500
0.045703,2.7414e-05,0.862988,5000,16,1,500
0.0456895,3.2499e-05,0.887957,5000,32,1,500
0.0457295,2.621e-05,0.909674,5000,64,1,500
0.045655,2.6134e-05,0.930344,5000,128,1,500
0.0456772,2.663e-05,1.20288,5000,256,1,500
0.0457145,2.7536e-05,1.77778,5000,512,1,500
0.045653,2.6824e-05,2.674,5000,1024,1,500
0.0457259,3.1998e-05,1.10345,5000,1,2,500
0.0457504,2.6261e-05,0.855579,5000,2,2,500
0.0456853,2.5751e-05,0.84942,5000,4,2,500
0.0456495,2.7692e-05,0.817936,5000,8,2,500
0.045702,2.6831e-05,0.819476,5000,16,2,500
0.0456845,2.5788e-05,0.817667,5000,32,2,500
0.0457283,2.6315e-05,0.819623,5000,64,2,500
0.0457483,2.7243e-05,0.853954,5000,128,2,500
0.0456187,2.5453e-05,0.983478,5000,256,2,500
0.0456651,3.1327e-05,1.21454,5000,512,2,500
0.0456902,2.6077e-05,1.03279,5000,1,4,500
0.0456696,2.6533e-05,0.841423,5000,2,4,500
0.0457816,2.5718e-05,0.81944,5000,4,4,500
0.0457688,2.6828e-05,0.799413,5000,8,4,500
0.0456221,2.6544e-05,0.797628,5000,16,4,500
0.045732,2.6175e-05,0.789649,5000,32,4,500
0.0457781,2.8193e-05,0.787648,5000,64,4,500
0.0458192,2.7181e-05,0.80422,5000,128,4,500
0.0457296,2.6183e-05,0.820207,5000,256,4,500
0.0457005,2.6543e-05,0.902987,5000,1,8,500
0.0449828,2.7751e-05,0.80738,5000,2,8,500
0.0457165,2.6844e-05,0.777412,5000,4,8,500
0.0456884,2.6238e-05,0.771822,5000,8,8,500
0.0457166,2.6359e-05,0.77361,5000,16,8,500
0.0457518,2.6739e-05,0.777664,5000,32,8,500
0.0457503,2.7189e-05,0.771414,5000,64,8,500
0.0457833,2.7092e-05,0.781431,5000,128,8,500
0.0457397,3.0041e-05,0.641599,5000,1,16,500
0.0459245,2.6871e-05,0.604715,5000,2,16,500
0.0457008,2.6477e-05,0.608775,5000,4,16,500
0.0457736,2.5901e-05,0.604871,5000,8,16,500
0.0456793,2.611e-05,0.603596,5000,16,16,500
0.0457222,2.6041e-05,0.60183,5000,32,16,500
0.0457554,2.6236e-05,0.602481,5000,64,16,500
0.0456649,2.6373e-05,0.581017,5000,1,32,500
0.0457224,2.5316e-05,0.560567,5000,2,32,500
0.0457283,2.6026e-05,0.558639,5000,4,32,500
0.0457023,2.662e-05,0.560386,5000,8,32,500
0.0456439,2.6287e-05,0.557936,5000,16,32,500
0.0456589,2.6898e-05,0.552842,5000,32,32,500
0.045769,2.6632e-05,0.550047,5000,1,64,500
0.045654,2.6361e-05,0.546611,5000,2,64,500
0.0456698,2.6646e-05,0.549115,5000,4,64,500
0.0456626,2.704e-05,0.550291,5000,8,64,500
0.0457044,2.5927e-05,0.546729,5000,16,64,500
0.0456364,2.767e-05,0.541707,5000,1,128,500
0.0457382,2.6079e-05,0.542181,5000,2,128,500
0.0457581,2.6145e-05,0.547226,5000,4,128,500
0.0457293,2.6454e-05,0.546227,5000,8,128,500
0.0456429,2.6981e-05,0.538581,5000,1,256,500
0.0457784,2.7273e-05,0.544299,5000,2,256,500
0.0456843,2.7192e-05,0.543987,5000,4,256,500
0.0457104,2.6603e-05,0.540642,5000,1,512,500
0.0456653,2.6764e-05,0.541904,5000,2,512,500
0.0457713,2.5666e-05,0.540902,5000,1,1024,500
0.17642,4.0527e-05,3.91999,10000,1,1,500
0.176049,4.1383e-05,2.51553,10000,2,1,500
0.176076,3.9923e-05,1.99539,10000,4,1,500
0.176203,3.9662e-05,1.90253,10000,8,1,500
0.176137,4.0689e-05,1.901,10000,16,1,500
0.176242,4.1386e-05,1.93028,10000,32,1,500
0.176201,4.0122e-05,1.91915,10000,64,1,500
0.176804,3.9557e-05,1.92107,10000,128,1,500
0.175876,3.9971e-05,2.37588,10000,256,1,500
0.176035,4.0796e-05,3.57362,10000,512,1,500
0.175951,4.0871e-05,5.40664,10000,1024,1,500
0.17645,4.0466e-05,3.26283,10000,1,2,500
0.176212,4.0115e-05,2.25781,10000,2,2,500
0.176191,3.9772e-05,1.94497,10000,4,2,500
0.175724,4.1244e-05,1.86658,10000,8,2,500
0.176435,4.0033e-05,1.87013,10000,16,2,500
0.176191,3.942e-05,1.86054,10000,32,2,500
0.176444,4.1294e-05,1.86536,10000,64,2,500
0.176616,4.0816e-05,1.85938,10000,128,2,500
0.176007,4.0648e-05,1.97631,10000,256,2,500
0.175894,4.068e-05,2.36196,10000,512,2,500
0.176064,4.103e-05,2.99294,10000,1,4,500
0.176035,3.9922e-05,2.16806,10000,2,4,500
0.175889,3.9545e-05,1.92931,10000,4,4,500
0.175993,4.0901e-05,1.85622,10000,8,4,500
0.176378,4.0018e-05,1.85333,10000,16,4,500
0.176284,4.0649e-05,1.84378,10000,32,4,500
0.176041,4.057e-05,1.84678,10000,64,4,500
0.176128,4.0266e-05,1.83176,10000,128,4,500
0.176719,3.9687e-05,1.87345,10000,256,4,500
0.176084,4.0206e-05,2.2483,10000,1,8,500
0.176329,3.9857e-05,1.93893,10000,2,8,500
0.176183,4.0948e-05,1.79913,10000,4,8,500
0.175917,3.9646e-05,1.79612,10000,8,8,500
0.176181,4.1023e-05,1.79229,10000,16,8,500
0.176273,3.9675e-05,1.78956,10000,32,8,500
0.17641,4.0786e-05,1.79529,10000,64,8,500
0.176356,4.0467e-05,1.78496,10000,128,8,500
0.176409,4.1389e-05,1.39431,10000,1,16,500
0.176571,4.2865e-05,1.23732,10000,2,16,500
0.175914,3.93e-05,1.17113,10000,4,16,500
0.176044,4.0115e-05,1.16684,10000,8,16,500
0.175972,4.5654e-05,1.16382,10000,16,16,500
0.17623,4.0231e-05,1.16445,10000,32,16,500
0.176015,4.1239e-05,1.16211,10000,64,16,500
0.175926,4.1094e-05,1.12143,10000,1,32,500
0.176057,4.1145e-05,1.07984,10000,2,32,500
0.178888,4.0691e-05,1.0845,10000,4,32,500
0.176392,4.1761e-05,1.08706,10000,8,32,500
0.17587,4.0076e-05,1.0754,10000,16,32,500
0.175994,4.0147e-05,1.07723,10000,32,32,500
0.17611,3.8996e-05,1.05993,10000,1,64,500
0.175967,4.06e-05,1.05333,10000,2,64,500
0.175836,3.9433e-05,1.04884,10000,4,64,500
0.176146,4.1374e-05,1.04772,10000,8,64,500
0.176163,4.064e-05,1.05088,10000,16,64,500
0.175887,3.9931e-05,1.03842,10000,1,128,500
0.176072,3.9898e-05,1.03953,10000,2,128,500
0.175965,4.1013e-05,1.05094,10000,4,128,500
0.176342,4.0312e-05,1.04251,10000,8,128,500
0.175988,4.1155e-05,1.02409,10000,1,256,500
0.185991,3.9873e-05,1.04266,10000,2,256,500
0.176061,3.9281e-05,1.02543,10000,4,256,500
0.176042,4.142e-05,1.02299,10000,1,512,500
0.175975,4.0272e-05,1.02612,10000,2,512,500
0.176305,4.0234e-05,1.02781,10000,1,1024,500
0.695428,6.4246e-05,14.4821,20000,1,1,500
0.695046,6.5693e-05,8.87454,20000,2,1,500
0.696272,6.4118e-05,6.82307,20000,4,1,500
0.696091,7.2803e-05,6.1378,20000,8,1,500
0.695041,6.3878e-05,6.16258,20000,16,1,500
0.695092,6.3586e-05,6.22133,20000,32,1,500
0.695827,6.4763e-05,6.17709,20000,64,1,500
0.696106,6.3366e-05,6.18588,20000,128,1,500
0.696177,6.3519e-05,6.16156,20000,256,1,500
0.695132,6.3618e-05,7.87054,20000,512,1,500
0.696712,6.4738e-05,13.2233,20000,1024,1,500
0.696766,7.1732e-05,11.8379,20000,1,2,500
0.696292,6.4031e-05,7.82043,20000,2,2,500
0.695824,6.3637e-05,6.59565,20000,4,2,500
0.695082,6.476e-05,6.00151,20000,8,2,500
0.695122,6.2847e-05,6.08583,20000,16,2,500
0.695872,6.9128e-05,6.07476,20000,32,2,500
0.695485,6.9833e-05,6.05141,20000,64,2,500
0.696168,6.4382e-05,6.05114,20000,128,2,500
0.694953,6.3084e-05,6.04233,20000,256,2,500
0.696577,6.3709e-05,6.11461,20000,512,2,500
0.696452,6.4612e-05,10.7604,20000,1,4,500
0.695938,6.5222e-05,7.43326,20000,2,4,500
0.695134,6.3355e-05,6.31803,20000,4,4,500
0.69539,6.3968e-05,5.92746,20000,8,4,500
0.694833,6.3783e-05,5.94378,20000,16,4,500
0.695321,6.2956e-05,5.965,20000,32,4,500
0.694635,6.4719e-05,5.95835,20000,64,4,500
0.695698,6.3933e-05,5.96704,20000,128,4,500
0.695761,6.3582e-05,5.97084,20000,256,4,500
0.695667,6.3786e-05,7.80367,20000,1,8,500
0.696003,6.9876e-05,6.57323,20000,2,8,500
0.694835,6.3031e-05,6.03288,20000,4,8,500
0.695071,6.3251e-05,5.79825,20000,8,8,500
0.695677,6.3772e-05,5.79477,20000,16,8,500
0.694672,6.34e-05,5.8033,20000,32,8,500
0.0454651,2.7465e-05,1.32655,5000,1,1,500
0.0456597,2.6511e-05,0.912731,5000,2,1,500
0.0457473,2.5997e-05,0.888785,5000,4,1,500
0.0456624,2.6625e-05,0.864794,5000,8,1,500
0.0456628,2.6852e-05,0.857389,5000,16,1,500
0.0456724,2.6103e-05,0.887279,5000,32,1,500
0.0457044,2.7644e-05,0.909123,5000,64,1,500
0.0458144,2.6242e-05,0.92735,5000,128,1,500
0.0456031,2.6922e-05,1.20159,5000,256,1,500
0.0456234,2.6504e-05,1.77436,5000,512,1,500
0.0456781,2.6778e-05,2.67554,5000,1024,1,500
0.0457663,2.7241e-05,1.10517,5000,1,2,500
0.0457533,2.6031e-05,0.85456,5000,2,2,500
0.0456704,2.6468e-05,0.848624,5000,4,2,500
0.04576,2.6647e-05,0.817449,5000,8,2,500
0.0457315,2.6411e-05,0.825601,5000,16,2,500
0.0457565,2.652e-05,0.821429,5000,32,2,500
0.0458017,2.545e-05,0.817262,5000,64,2,500
0.0458057,2.6674e-05,0.852363,5000,128,2,500
0.0456568,2.6073e-05,0.983444,5000,256,2,500
0.0458406,2.6968e-05,1.21129,5000,512,2,500
0.0457263,2.676e-05,1.03432,5000,1,4,500
0.0456891,2.6737e-05,0.839426,5000,2,4,500
0.0464431,2.656e-05,0.821658,5000,4,4,500
0.0456628,2.6684e-05,0.798228,5000,8,4,500
0.0456356,2.7236e-05,0.795829,5000,16,4,500
0.0456397,2.6137e-05,0.795344,5000,32,4,500
0.0457051,2.6042e-05,0.789943,5000,64,4,500
0.0457534,2.642e-05,0.802587,5000,128,4,500
0.0456524,2.5785e-05,0.813813,5000,256,4,500
0.0457065,2.774e-05,0.847137,5000,1,8,500
0.0457738,2.5497e-05,0.775439,5000,2,8,500
0.045665,2.5923e-05,0.777113,5000,4,8,500
0.0456305,2.6342e-05,0.773947,5000,8,8,500
0.0456964,2.6896e-05,0.76815,5000,16,8,500
0.0456436,2.678e-05,0.771632,5000,32,8,500
0.0457076,2.6011e-05,0.766971,5000,64,8,500
0.0456459,2.5802e-05,0.783018,5000,128,8,500
0.0456634,2.5967e-05,0.638651,5000,1,16,500
0.04564,2.6049e-05,0.60595,5000,2,16,500
0.0456457,2.6431e-05,0.60259,5000,4,16,500
0.045745,2.6844e-05,0.601947,5000,8,16,500
0.0456974,2.6709e-05,0.6018,5000,16,16,500
0.0456423,2.6761e-05,0.600772,5000,32,16,500
0.045907,2.7041e-05,0.602482,5000,64,16,500
0.0458235,2.6075e-05,0.566762,5000,1,32,500
0.045762,2.5681e-05,0.555391,5000,2,32,500
0.0456512,2.5941e-05,0.555767,5000,4,32,500
0.0456788,2.6792e-05,0.560183,5000,8,32,500
0.0457085,2.7315e-05,0.556817,5000,16,32,500
0.045714,2.7246e-05,0.557855,5000,32,32,500
0.0457465,2.5543e-05,0.54819,5000,1,64,500
0.0457071,2.584e-05,0.550236,5000,2,64,500
0.045761,2.6921e-05,0.549527,5000,4,64,500
0.0457262,2.597e-05,0.550961,5000,8,64,500
0.0456929,2.7347e-05,0.546013,5000,16,64,500
0.0457098,2.6332e-05,0.544098,5000,1,128,500
0.0456822,2.7129e-05,0.545954,5000,2,128,500
0.045691,2.6644e-05,0.54358,5000,4,128,500
0.0457158,2.7409e-05,0.54699,5000,8,128,500
0.0457163,2.7415e-05,0.543854,5000,1,256,500
0.0456987,2.7287e-05,0.540914,5000,2,256,500
0.0457439,2.6218e-05,0.542933,5000,4,256,500
0.0457442,2.6055e-05,0.537507,5000,1,512,500
0.0458452,2.6423e-05,0.541575,5000,2,512,500
0.0456679,2.6222e-05,0.542088,5000,1,1024,500
0.176057,4.5262e-05,3.91794,10000,1,1,500
0.175891,4.2319e-05,2.51418,10000,2,1,500
0.176053,4.0142e-05,1.9982,10000,4,1,500
0.176104,3.9978e-05,1.90563,10000,8,1,500
0.176143,4.0027e-05,1.89887,10000,16,1,500
0.176076,3.9462e-05,1.92586,10000,32,1,500
0.176108,3.9972e-05,1.91674,10000,64,1,500
0.176263,3.9745e-05,1.91917,10000,128,1,500
0.176116,4.1434e-05,2.37405,10000,256,1,500
0.175918,4.0676e-05,3.57416,10000,512,1,500
0.175939,4.0428e-05,5.41744,10000,1024,1,500
0.176055,3.9599e-05,3.25908,10000,1,2,500
0.176057,4.0536e-05,2.25801,10000,2,2,500
0.176201,3.9401e-05,1.94126,10000,4,2,500
0.176006,4.1356e-05,1.87052,10000,8,2,500
0.175963,3.9981e-05,1.86322,10000,16,2,500
0.176279,4.2235e-05,1.85937,10000,32,2,500
0.176011,4.0126e-05,1.85861,10000,64,2,500
0.175976,4.0297e-05,1.85535,10000,128,2,500
0.175917,4.6583e-05,1.9747,10000,256,2,500
0.176071,4.0275e-05,2.36089,10000,512,2,500
0.176253,3.986e-05,2.99279,10000,1,4,500
0.176054,4.0381e-05,2.16567,10000,2,4,500
0.176257,3.9351e-05,1.91975,10000,4,4,500
0.175971,4.0786e-05,1.85511,10000,8,4,500
0.176131,4.0781e-05,1.85168,10000,16,4,500
0.17594,4.0307e-05,1.84103,10000,32,4,500
0.175391,4.0669e-05,1.85025,10000,64,4,500
0.176071,3.9344e-05,1.83429,10000,128,4,500
0.176409,3.9531e-05,1.87026,10000,256,4,500
0.176265,4.088e-05,2.24992,10000,1,8,500
0.176209,4.0583e-05,1.93695,10000,2,8,500
0.176385,4.0689e-05,1.79621,10000,4,8,500
0.176145,3.986e-05,1.79708,10000,8,8,500
0.175884,4.0126e-05,1.79422,10000,16,8,500
0.176251,4.0323e-05,1.79038,10000,32,8,500
0.175949,4.0603e-05,1.79138,10000,64,8,500
0.176077,4.0281e-05,1.78424,10000,128,8,500
0.175958,3.9304e-05,1.3951,10000,1,16,500
0.176166,4.1128e-05,1.23174,10000,2,16,500
0.176215,3.9515e-05,1.16662,10000,4,16,500
0.176237,4.0457e-05,1.1671,10000,8,16,500
0.176026,4.0165e-05,1.16226,10000,16,16,500
0.176183,4.1571e-05,1.16383,10000,32,16,500
0.176454,3.9699e-05,1.15758,10000,64,16,500
0.176174,4.021e-05,1.11991,10000,1,32,500
0.17622,4.0073e-05,1.08332,10000,2,32,500
0.176348,4.0242e-05,1.08215,10000,4,32,500
0.175228,4.1065e-05,1.10628,10000,8,32,500
0.176279,4.0821e-05,1.07464,10000,16,32,500
0.17612,3.8968e-05,1.07307,10000,32,32,500
0.176246,4.1051e-05,1.05867,10000,1,64,500
0.176039,4.0101e-05,1.05004,10000,2,64,500
0.176206,4.1289e-05,1.0512,10000,4,64,500
0.176011,4.1281e-05,1.04676,10000,8,64,500
0.176333,3.8978e-05,1.04971,10000,16,64,500
0.176038,3.9847e-05,1.04051,10000,1,128,500
0.176325,3.9733e-05,1.03645,10000,2,128,500
0.176298,4.0087e-05,1.03759,10000,4,128,500
0.176319,3.9814e-05,1.04125,10000,8,128,500
0.175215,4.1091e-05,1.03311,10000,1,256,500
0.176237,4.0858e-05,1.04167,10000,2,256,500
0.176264,4.4744e-05,1.03106,10000,4,256,500
0.176009,4.0332e-05,1.02176,10000,1,512,500
0.176229,4.0141e-05,1.0212,10000,2,512,500
0.176059,4.0153e-05,1.0228,10000,1,1024,500
0.697975,6.5976e-05,14.4951,20000,1,1,500
0.695302,6.4979e-05,8.87605,20000,2,1,500
0.696101,6.3815e-05,6.82489,20000,4,1,500
0.696809,6.4829e-05,6.09801,20000,8,1,500
0.695218,6.3973e-05,6.17209,20000,16,1,500
0.69602,6.5566e-05,6.20748,20000,32,1,500
0.69594,6.9621e-05,6.19703,20000,64,1,500
0.695902,6.4942e-05,6.18335,20000,128,1,500
0.695612,6.2916e-05,6.17026,20000,256,1,500
0.695429,6.5766e-05,7.8688,20000,512,1,500
0.695687,6.3812e-05,13.2222,20000,1024,1,500
0.695651,6.5753e-05,11.8213,20000,1,2,500
0.695531,6.4123e-05,7.82096,20000,2,2,500
0.695179,6.4103e-05,6.60091,20000,4,2,500
0.696279,6.4818e-05,6.01059,20000,8,2,500
0.696327,6.4357e-05,6.0669,20000,16,2,500
0.695341,6.3208e-05,6.05996,20000,32,2,500
0.696186,6.3523e-05,6.05499,20000,64,2,500
0.695903,6.4177e-05,6.05022,20000,128,2,500
0.695391,6.8725e-05,6.04468,20000,256,2,500
0.695469,6.2789e-05,6.12551,20000,512,2,500
0.696257,6.9526e-05,10.7595,20000,1,4,500
0.695449,6.4627e-05,7.43613,20000,2,4,500
0.694755,6.4411e-05,6.32471,20000,4,4,500
0.695904,7.0059e-05,5.92658,20000,8,4,500
0.694692,6.3845e-05,5.94042,20000,16,4,500
0.695264,6.4593e-05,5.96616,20000,32,4,500
0.695767,6.3774e-05,5.9537,20000,64,4,500
0.697043,6.3503e-05,5.96502,20000,128,4,500
0.695323,6.3907e-05,5.97321,20000,256,4,500
0.694837,6.3467e-05,7.79934,20000,1,8,500
0.69595,6.3832e-05,6.57572,20000,2,8,500
0.69707,6.5957e-05,6.0338,20000,4,8,500
0.695091,6.3254e-05,5.80288,20000,8,8,500
0.697011,6.4303e-05,5.79767,20000,16,8,500
0.696578,6.3858e-05,5.79963,20000,32,8,500
0.696425,6.3182e-05,5.79655,20000,64,8,500
0.696026,6.3119e-05,5.79182,20000,128,8,500
0.695627,6.3378e-05,4.40536,20000,1,16,500
0.694801,6.2755e-05,3.7737,20000,2,16,500
0.695543,6.5231e-05,3.52585,20000,4,16,500
0.695607,6.3651e-05,3.51858,20000,8,16,500
0.695013,6.288e-05,3.51349,20000,16,16,500
0.695875,6.3608e-05,3.51258,20000,32,16,500
0.695554,6.2728e-05,3.52013,20000,64,16,500
0.696018,6.3495e-05,3.28344,20000,1,32,500
0.695586,6.4675e-05,3.11501,20000,2,32,500
0.694519,6.3248e-05,3.11015,20000,4,32,500
0.695633,6.2745e-05,3.10601,20000,8,32,500
0.697517,6.4075e-05,3.10544,20000,16,32,500
0.695179,6.3688e-05,3.10314,20000,32,32,500
0.695846,6.956e-05,3.0422,20000,1,64,500
0.695462,6.3166e-05,3.03961,20000,2,64,500
0.695719,6.4957e-05,3.02812,20000,4,64,500
0.695725,6.2971e-05,3.02327,20000,8,64,500
0.694874,6.4012e-05,3.02658,20000,16,64,500
0.697536,6.3808e-05,3.00126,20000,1,128,500
0.695204,6.3273e-05,3.00087,20000,2,128,500
0.695511,6.3853e-05,2.99594,20000,4,128,500
0.694392,6.405e-05,2.99891,20000,8,128,500
0.695447,6.3563e-05,2.97925,20000,1,256,500
0.695784,6.2597e-05,2.98359,20000,2,256,500
0.696433,6.298e-05,2.98813,20000,4,256,500
0.697011,6.422e-05,3.00818,20000,1,512,500
0.695521,6.2981e-05,2.9652,20000,2,512,500
0.695621,6.3707e-05,2.93962,20000,1,1024,500
0.0456842,2.6988e-05,1.2719,5000,1,1,500
0.0457267,2.6026e-05,0.915368,5000,2,1,500
0.0456126,2.6704e-05,0.893023,5000,4,1,500
0.0457146,2.6661e-05,0.863248,5000,8,1,500
0.0457225,2.641e-05,0.855725,5000,16,1,500
0.0457452,2.6687e-05,0.886724,5000,32,1,500
0.0457042,2.6835e-05,0.908661,5000,64,1,500
0.0457262,2.556e-05,0.930161,5000,128,1,500
0.0459305,2.6733e-05,1.20477,5000,256,1,500
0.0456907,2.6448e-05,1.77566,5000,512,1,500
0.0456892,2.7252e-05,2.67403,5000,1024,1,500
0.0456421,2.6674e-05,1.10275,5000,1,2,500
0.0457049,2.6614e-05,0.857486,5000,2,2,500
0.045805,2.6788e-05,0.849741,5000,4,2,500
0.0457204,2.5809e-05,0.826529,5000,8,2,500
0.0457575,2.5449e-05,0.821599,5000,16,2,500
0.0456911,2.6351e-05,0.820654,5000,32,2,500
0.0457503,2.6595e-05,0.818932,5000,64,2,500
0.0456659,2.7326e-05,0.855189,5000,128,2,500
0.0458928,2.6656e-05,0.984283,5000,256,2,500
0.0457187,2.577e-05,1.2129,5000,512,2,500
0.0457256,2.6437e-05,1.03071,5000,1,4,500
0.0456881,2.6228e-05,0.840487,5000,2,4,500
0.0464886,2.6305e-05,0.821179,5000,4,4,500
0.0456268,2.664e-05,0.799835,5000,8,4,500
0.0456565,2.6041e-05,0.794729,5000,16,4,500
0.0456862,2.6405e-05,0.792477,5000,32,4,500
0.0456788,3.1873e-05,0.792026,5000,64,4,500
0.0456544,2.6123e-05,0.80246,5000,128,4,500
0.0456891,2.5929e-05,0.816551,5000,256,4,500
0.0458875,2.7077e-05,0.846956,5000,1,8,500
0.0457587,2.7413e-05,0.77245,5000,2,8,500
0.045767,2.6269e-05,0.778619,5000,4,8,500
0.0456876,2.6898e-05,0.772254,5000,8,8,500
0.0457649,2.6334e-05,0.772934,5000,16,8,500
0.0457181,2.7647e-05,0.770471,5000,32,8,500
0.0457019,2.6661e-05,0.767434,5000,64,8,500
0.0458799,2.5498e-05,0.780161,5000,128,8,500
0.0458817,2.639e-05,0.642543,5000,1,16,500
0.0486873,2.6238e-05,0.619106,5000,2,16,500
0.045783,2.529e-05,0.603025,5000,4,16,500
0.0456998,2.5633e-05,0.60463,5000,8,16,500
0.045649,3.0937e-05,0.598164,5000,16,16,500
0.0456559,2.6495e-05,0.601899,5000,32,16,500
0.0473671,2.6203e-05,0.614116,5000,64,16,500
0.0456908,2.7141e-05,0.570559,5000,1,32,500
0.0457914,2.6091e-05,0.559686,5000,2,32,500
0.0456864,2.6053e-05,0.554673,5000,4,32,500
0.0457058,2.7537e-05,0.560627,5000,8,32,500
0.0456727,2.5635e-05,0.556259,5000,16,32,500
0.045831,2.6808e-05,0.557633,5000,32,32,500
0.0457557,2.6648e-05,0.550046,5000,1,64,500
0.0456738,2.7056e-05,0.549947,5000,2,64,500
0.0456753,2.6619e-05,0.548859,5000,4,64,500
0.0457449,2.6473e-05,0.544618,5000,8,64,500
0.0456287,2.5705e-05,0.546745,5000,16,64,500
0.0456329,2.6651e-05,0.543334,5000,1,128,500
0.0459041,2.641e-05,0.546677,5000,2,128,500
0.0457408,3.2175e-05,0.546325,5000,4,128,500
0.0456669,2.6559e-05,0.549374,5000,8,128,500
0.0457536,2.6216e-05,0.544324,5000,1,256,500
0.0457422,2.6175e-05,0.541996,5000,2,256,500
0.0456817,2.6358e-05,0.542901,5000,4,256,500
0.045692,3.1847e-05,0.539793,5000,1,512,500
0.045763,2.596e-05,0.542457,5000,2,512,500
0.045638,2.6743e-05,0.543551,5000,1,1024,500
0.176121,3.9768e-05,3.91762,10000,1,1,500
0.176257,4.083e-05,2.51562,10000,2,1,500
0.176017,3.9854e-05,1.99209,10000,4,1,500
0.176077,4.0526e-05,1.90464,10000,8,1,500
0.176077,4.1772e-05,1.90229,10000,16,1,500
0.17599,4.0784e-05,1.92834,10000,32,1,500
0.176229,4.0894e-05,1.91923,10000,64,1,500
0.17597,4.0171e-05,1.91946,10000,128,1,500
0.175973,4.0174e-05,2.38171,10000,256,1,500
0.176125,4.1484e-05,3.57037,10000,512,1,500
0.17636,3.8215e-05,5.41373,10000,1024,1,500
0.176307,4.0522e-05,3.26505,10000,1,2,500
0.176192,4.0093e-05,2.25878,10000,2,2,500
0.17606,4.096e-05,1.94359,10000,4,2,500
0.17596,3.9057e-05,1.87429,10000,8,2,500
0.176005,3.9736e-05,1.86369,10000,16,2,500
0.175932,3.9274e-05,1.86037,10000,32,2,500
0.176271,4.0477e-05,1.86353,10000,64,2,500
0.176238,3.9092e-05,1.85875,10000,128,2,500
0.175901,4.1262e-05,1.973,10000,256,2,500
0.176277,4.0183e-05,2.36095,10000,512,2,500
0.176273,4.0395e-05,2.99265,10000,1,4,500
0.176166,3.9402e-05,2.16853,10000,2,4,500
0.176016,4.0514e-05,1.9227,10000,4,4,500
0.176478,3.974e-05,1.85535,10000,8,4,500
0.176269,4.0376e-05,1.85314,10000,16,4,500
0.176089,4.0876e-05,1.84696,10000,32,4,500
0.17614,3.9578e-05,1.84453,10000,64,4,500
0.176079,4.0089e-05,1.83478,10000,128,4,500
0.176092,4.018e-05,1.87411,10000,256,4,500
0.176008,4.105e-05,2.24803,10000,1,8,500
0.176149,3.924e-05,1.93705,10000,2,8,500
0.175963,3.9954e-05,1.79733,10000,4,8,500
0.176262,4.0451e-05,1.80524,10000,8,8,500
0.176108,4.0548e-05,1.79419,10000,16,8,500
0.176461,3.9799e-05,1.79081,10000,32,8,500
0.176029,3.9915e-05,1.78926,10000,64,8,500
0.175915,4.038e-05,1.78268,10000,128,8,500
0.176222,4.1453e-05,1.3952,10000,1,16,500
0.175993,4.1566e-05,1.23435,10000,2,16,500
0.175875,4.0317e-05,1.16598,10000,4,16,500
0.175744,4.2681e-05,1.21099,10000,8,16,500
0.17615,4.0305e-05,1.16162,10000,16,16,500
0.176165,3.9834e-05,1.16318,10000,32,16,500
0.176061,4.0399e-05,1.15925,10000,64,16,500
0.176103,3.9917e-05,1.11598,10000,1,32,500
0.176107,4.016e-05,1.08744,10000,2,32,500
0.176138,4.0134e-05,1.07873,10000,4,32,500
0.176294,3.985e-05,1.08027,10000,8,32,500
0.176086,3.9573e-05,1.07688,10000,16,32,500
0.176155,3.99e-05,1.0718,10000,32,32,500
0.176182,3.939e-05,1.05388,10000,1,64,500
0.176237,4.0005e-05,1.05312,10000,2,64,500
0.176147,3.9356e-05,1.05144,10000,4,64,500
0.176241,4.0377e-05,1.04986,10000,8,64,500
0.176134,3.9587e-05,1.04852,10000,16,64,500
0.176202,3.964e-05,1.03744,10000,1,128,500
0.176547,4.0566e-05,1.04069,10000,2,128,500
0.176049,3.9763e-05,1.03978,10000,4,128,500
0.17631,4.119e-05,1.04087,10000,8,128,500
0.176141,3.9752e-05,1.02465,10000,1,256,500
0.175994,3.8851e-05,1.02385,10000,2,256,500
0.175989,4.0813e-05,1.02888,10000,4,256,500
0.176285,4.0024e-05,1.01756,10000,1,512,500
0.176141,4.0056e-05,1.02211,10000,2,512,500
0.17598,4.0366e-05,1.02502,10000,1,1024,500
0.697506,6.5728e-05,14.4863,20000,1,1,500
0.69583,6.4398e-05,8.87575,20000,2,1,500
0.695644,6.5019e-05,6.80655,20000,4,1,500
0.695671,6.3657e-05,6.09948,20000,8,1,500
0.693548,6.3811e-05,6.16644,20000,16,1,500
0.695559,6.3235e-05,6.20962,20000,32,1,500
0.695181,6.3647e-05,6.19161,20000,64,1,500
0.695472,7.0028e-05,6.18948,20000,128,1,500
0.6955,6.3547e-05,6.17129,20000,256,1,500
0.695223,6.2947e-05,7.86909,20000,512,1,500
0.69569,6.2598e-05,13.2169,20000,1024,1,500
0.69577,6.4478e-05,11.8202,20000,1,2,500
0.696735,6.5982e-05,7.8232,20000,2,2,500
0.694781,6.3734e-05,6.60229,20000,4,2,500
0.695473,6.3216e-05,6.00986,20000,8,2,500
0.695354,6.3551e-05,6.07485,20000,16,2,500
0.694828,6.4302e-05,6.06526,20000,32,2,500
0.695306,6.2809e-05,6.06086,20000,64,2,500
0.695517,6.3468e-05,6.04363,20000,128,2,500
0.695132,6.4646e-05,6.047,20000,256,2,500
0.696231,6.307e-05,6.11692,20000,512,2,500
0.694866,6.7954e-05,10.7619,20000,1,4,500
0.695402,6.3606e-05,7.43629,20000,2,4,500
0.696715,6.4365e-05,6.326,20000,4,4,500
0.695505,6.3346e-05,5.92553,20000,8,4,500
0.695358,6.4242e-05,5.94296,20000,16,4,500
0.695239,6.3699e-05,5.96279,20000,32,4,500
0.696216,6.4354e-05,5.96082,20000,64,4,500
0.697511,6.4348e-05,5.96559,20000,128,4,500
0.695499,6.3739e-05,5.96586,20000,256,4,500
0.69576,6.323e-05,7.80141,20000,1,8,500
0.695396,6.399e-05,6.5695,20000,2,8,500
0.696393,6.3467e-05,6.03053,20000,4,8,500
0.695605,6.4358e-05,5.7999,20000,8,8,500
0.694468,6.4335e-05,5.7965,20000,16,8,500
0.695958,6.3362e-05,5.79945,20000,32,8,500
0.697089,6.5307e-05,5.79909,20000,64,8,500
0.69576,6.3404e-05,5.7928,20000,128,8,500
0.696955,6.4292e-05,4.40826,20000,1,16,500
0.696228,6.4227e-05,3.78401,20000,2,16,500
0.695476,6.336e-05,3.52319,20000,4,16,500
0.694739,6.4509e-05,3.51835,20000,8,16,500
0.696088,6.4387e-05,3.51648,20000,16,16,500
0.695597,6.2785e-05,3.5085,20000,32,16,500
0.696547,6.3484e-05,3.51948,20000,64,16,500
0.695917,6.3698e-05,3.2884,20000,1,32,500
0.696006,6.4514e-05,3.11663,20000,2,32,500
0.695025,6.3894e-05,3.11124,20000,4,32,500
0.695766,6.4576e-05,3.10573,20000,8,32,500
0.696351,6.9e-05,3.11326,20000,16,32,500
0.696596,6.4698e-05,3.10444,20000,32,32,500
0.695736,6.2866e-05,3.03897,20000,1,64,500
0.695599,6.539e-05,3.04029,20000,2,64,500
0.695248,7.0251e-05,3.03058,20000,4,64,500
0.695289,6.4024e-05,3.02423,20000,8,64,500
0.696681,6.394e-05,3.05929,20000,16,64,500
0.696148,6.4102e-05,3.00377,20000,1,128,500
0.695362,6.4532e-05,2.99903,20000,2,128,500
0.695098,6.1966e-05,2.99697,20000,4,128,500
0.696063,6.3877e-05,3.00195,20000,8,128,500
0.696204,6.4034e-05,2.97805,20000,1,256,500
0.695931,6.3694e-05,2.98372,20000,2,256,500
0.695384,6.4226e-05,2.98742,20000,4,256,500
0.695419,6.3357e-05,2.95954,20000,1,512,500
0.695197,6.4539e-05,2.96495,20000,2,512,500
0.695183,6.5335e-05,2.94585,20000,1,1024,500
