time_allocation,time_retrieve,time_total,n,rows_per_block,threads_per_line, max_iter
0.692909,6.2379e-05,3.36926,20000,1,32,500
0.69329,5.9933e-05,3.17278,20000,2,32,500
0.692843,5.9982e-05,3.15379,20000,4,32,500
0.692462,6.045e-05,3.15647,20000,8,32,500
0.693449,6.0564e-05,3.65846,20000,16,32,500
0.693338,5.9588e-05,6.37392,20000,32,32,500
0.693451,6.0167e-05,3.03495,20000,1,64,500
0.694389,5.9971e-05,3.04444,20000,2,64,500
0.69389,6.0212e-05,3.04693,20000,4,64,500
0.693675,5.9972e-05,3.05714,20000,8,64,500
0.693476,5.9881e-05,3.39808,20000,16,64,500
0.693204,5.9717e-05,2.99939,20000,1,128,500
0.693133,5.9846e-05,3.01192,20000,2,128,500
0.693484,5.9589e-05,3.05072,20000,4,128,500
0.693518,6.0119e-05,3.08717,20000,8,128,500
0.693372,6.0795e-05,2.97004,20000,1,256,500
0.692406,6.0065e-05,2.98601,20000,2,256,500
0.692801,6.0803e-05,3.06165,20000,4,256,500
0.693574,5.9725e-05,2.94983,20000,1,512,500
0.694017,5.9355e-05,2.97874,20000,2,512,500
0.693968,6.0338e-05,2.93729,20000,1,1024,500
0.693339,6.2278e-05,3.31084,20000,1,32,500
0.693084,5.9992e-05,3.17027,20000,2,32,500
0.692669,6.0505e-05,3.15358,20000,4,32,500
0.693034,6.0412e-05,3.16034,20000,8,32,500
0.693515,6.0408e-05,3.67623,20000,16,32,500
0.69318,5.9365e-05,6.44523,20000,32,32,500
0.693611,6.0899e-05,3.03445,20000,1,64,500
0.693178,5.9155e-05,3.04633,20000,2,64,500
0.693401,6.0676e-05,3.04722,20000,4,64,500
0.694158,6.0751e-05,3.05882,20000,8,64,500
0.693804,6.019e-05,3.41194,20000,16,64,500
0.692378,6.0514e-05,3.00041,20000,1,128,500
0.692602,5.9888e-05,3.01332,20000,2,128,500
0.693971,6.1081e-05,3.04883,20000,4,128,500
0.694223,6.0011e-05,3.0881,20000,8,128,500
0.69317,6.1047e-05,2.96927,20000,1,256,500
0.693804,6.0627e-05,2.99285,20000,2,256,500
0.693295,6.0817e-05,3.06145,20000,4,256,500
0.693442,6.0913e-05,2.95128,20000,1,512,500
0.693743,5.9679e-05,2.98242,20000,2,512,500
0.693052,5.9406e-05,2.93895,20000,1,1024,500
0.693329,6.2176e-05,3.31883,20000,1,32,500
0.693437,6.0616e-05,3.16974,20000,2,32,500
0.693017,6.1616e-05,3.15585,20000,4,32,500
0.693295,5.952e-05,3.157,20000,8,32,500
0.693443,6.7819e-05,3.66504,20000,16,32,500
0.694156,6.0671e-05,6.32404,20000,32,32,500
0.694615,6.7671e-05,3.0398,20000,1,64,500
0.693393,5.9334e-05,3.04605,20000,2,64,500
0.693199,6.0365e-05,3.04491,20000,4,64,500
0.692685,6.0411e-05,3.05797,20000,8,64,500
0.69306,6.8366e-05,3.40683,20000,16,64,500
0.693408,6.0633e-05,3.001,20000,1,128,500
0.694985,6.098e-05,3.01105,20000,2,128,500
0.693096,6.0781e-05,3.0479,20000,4,128,500
0.693851,5.9527e-05,3.08855,20000,8,128,500
0.693734,5.949e-05,2.97018,20000,1,256,500
0.693283,5.8655e-05,2.98874,20000,2,256,500
0.694016,6.016e-05,3.06369,20000,4,256,500
0.693988,6.1541e-05,2.95217,20000,1,512,500
0.694959,5.9225e-05,2.98006,20000,2,512,500
0.693101,6.0318e-05,2.93513,20000,1,1024,500
0.693459,6.1441e-05,3.3161,20000,1,32,500
0.693658,6.0605e-05,3.17206,20000,2,32,500
0.694155,6.1213e-05,3.15608,20000,4,32,500
0.693274,6.0245e-05,3.15703,20000,8,32,500
0.693548,6.8105e-05,3.67294,20000,16,32,500
0.693175,5.9235e-05,6.33696,20000,32,32,500
0.693091,5.9751e-05,3.03465,20000,1,64,500
0.694107,6.0025e-05,3.0489,20000,2,64,500
0.693504,6.0322e-05,3.04909,20000,4,64,500
0.69377,6.0546e-05,3.05486,20000,8,64,500
0.693124,6.076e-05,3.40993,20000,16,64,500
0.693375,6.0516e-05,2.99928,20000,1,128,500
0.693853,6.1139e-05,3.01099,20000,2,128,500
0.693745,6.0039e-05,3.05055,20000,4,128,500
0.694056,6.1071e-05,3.08854,20000,8,128,500
0.693778,6.1116e-05,2.97059,20000,1,256,500
0.692862,6.1384e-05,2.9855,20000,2,256,500
0.69318,6.7823e-05,3.06486,20000,4,256,500
0.692927,5.9438e-05,2.9477,20000,1,512,500
0.694353,5.9758e-05,2.98241,20000,2,512,500
0.693254,6.0621e-05,2.93803,20000,1,1024,500
0.692688,6.239e-05,3.30252,20000,1,32,500
0.693083,6.0817e-05,3.17284,20000,2,32,500
0.693619,6.0959e-05,3.15461,20000,4,32,500
0.693296,6.0989e-05,3.16144,20000,8,32,500
0.69399,6.0073e-05,3.66187,20000,16,32,500
0.69276,5.9888e-05,6.30808,20000,32,32,500
0.693488,6.0265e-05,3.03985,20000,1,64,500
0.693022,6.1442e-05,3.0434,20000,2,64,500
0.693588,6.0671e-05,3.0482,20000,4,64,500
0.693796,6.0146e-05,3.05768,20000,8,64,500
0.692696,6.1777e-05,3.40962,20000,16,64,500
0.693626,6.0173e-05,2.99667,20000,1,128,500
0.69298,5.9441e-05,3.01145,20000,2,128,500
0.692868,6.0354e-05,3.05216,20000,4,128,500
0.692913,5.964e-05,3.08831,20000,8,128,500
0.693081,5.9877e-05,2.96994,20000,1,256,500
0.693264,5.976e-05,2.99219,20000,2,256,500
0.693612,6.0934e-05,3.06165,20000,4,256,500
0.69419,6.6745e-05,2.94831,20000,1,512,500
0.693214,6.0977e-05,2.9814,20000,2,512,500
0.693262,5.9766e-05,2.9345,20000,1,1024,500
0.698901,6.6211e-05,15.4713,20000,1,1,500
0.699219,6.4186e-05,8.93701,20000,2,1,500
0.701145,6.4948e-05,6.88486,20000,4,1,500
0.699335,6.4838e-05,6.15145,20000,8,1,500
0.699119,6.3968e-05,6.26415,20000,16,1,500
0.699307,6.5083e-05,6.24295,20000,32,1,500
0.698674,6.5015e-05,6.24476,20000,64,1,500
0.699143,6.5195e-05,6.22516,20000,128,1,500
0.698834,6.4285e-05,6.2266,20000,256,1,500
0.698492,7.1595e-05,7.9337,20000,512,1,500
0.699213,6.4578e-05,13.336,20000,1024,1,500
0.698998,6.5299e-05,11.8793,20000,1,2,500
0.70076,6.4409e-05,7.86572,20000,2,2,500
0.699104,6.358e-05,6.6373,20000,4,2,500
0.69927,6.4429e-05,6.03614,20000,8,2,500
0.698751,6.4509e-05,6.11736,20000,16,2,500
0.698759,6.4462e-05,6.1224,20000,32,2,500
0.698511,6.5768e-05,6.12202,20000,64,2,500
0.69862,6.5286e-05,6.1211,20000,128,2,500
0.69903,6.536e-05,6.11345,20000,256,2,500
0.698577,6.544e-05,12.6131,20000,512,2,500
0.698577,6.4458e-05,10.7943,20000,1,4,500
0.69876,6.4655e-05,7.45955,20000,2,4,500
0.69903,6.5456e-05,6.34476,20000,4,4,500
0.699187,7.4668e-05,5.93854,20000,8,4,500
0.699034,6.4932e-05,6.02179,20000,16,4,500
0.69926,6.3375e-05,7.28648,20000,32,4,500
0.697924,6.4565e-05,7.23351,20000,64,4,500
0.699045,6.3858e-05,7.36061,20000,128,4,500
0.69868,6.2798e-05,7.40436,20000,256,4,500
0.698888,6.576e-05,7.85462,20000,1,8,500
0.699238,6.3949e-05,6.59357,20000,2,8,500
0.698893,6.5363e-05,6.0672,20000,4,8,500
0.699148,6.4254e-05,5.82806,20000,8,8,500
0.698992,6.4544e-05,7.99933,20000,16,8,500
0.698763,7.2868e-05,20.7754,20000,32,8,500
0.699035,6.5735e-05,21.2796,20000,64,8,500
0.699142,7.201e-05,22.9346,20000,128,8,500
0.699123,7.5056e-05,4.42489,20000,1,16,500
0.69823,6.4537e-05,3.7859,20000,2,16,500
0.699032,6.3677e-05,3.99975,20000,4,16,500
0.698952,6.5004e-05,3.85492,20000,8,16,500
0.698893,6.5306e-05,6.01331,20000,16,16,500
0.698405,6.513e-05,18.0911,20000,32,16,500
0.698838,6.504e-05,18.3753,20000,64,16,500
0.699352,6.4317e-05,3.29152,20000,1,32,500
0.698813,6.4811e-05,3.17658,20000,2,32,500
0.698978,6.4386e-05,3.165,20000,4,32,500
0.699081,7.4657e-05,3.1694,20000,8,32,500
0.698826,6.4726e-05,3.67892,20000,16,32,500
0.69907,6.4755e-05,6.24537,20000,32,32,500
0.0435039,2.6437e-05,1.35186,5000,1,1,500
0.043548,2.5026e-05,0.918103,5000,2,1,500
0.0435472,2.4293e-05,0.892088,5000,4,1,500
0.0435754,2.3793e-05,0.867723,5000,8,1,500
0.04351,2.4496e-05,0.854214,5000,16,1,500
0.0435243,2.4608e-05,0.898864,5000,32,1,500
0.0434648,2.5073e-05,0.909272,5000,64,1,500
0.043597,2.4391e-05,0.924237,5000,128,1,500
0.0435768,2.4602e-05,1.2067,5000,256,1,500
0.043533,2.4917e-05,1.78233,5000,512,1,500
0.0434242,2.4753e-05,2.67711,5000,1024,1,500
0.043491,2.5256e-05,1.09869,5000,1,2,500
0.0434852,2.4424e-05,0.850124,5000,2,2,500
0.0434396,2.4312e-05,0.844087,5000,4,2,500
0.0434941,2.4744e-05,0.811595,5000,8,2,500
0.0434621,2.433e-05,0.822179,5000,16,2,500
0.0434792,2.4653e-05,0.817974,5000,32,2,500
0.0434715,2.5418e-05,0.806779,5000,64,2,500
0.0436128,2.5013e-05,0.868719,5000,128,2,500
0.0435021,2.4387e-05,1.03878,5000,256,2,500
0.0435179,2.5029e-05,1.45103,5000,512,2,500
0.0434912,2.5909e-05,1.02466,5000,1,4,500
0.0435629,2.4224e-05,0.829794,5000,2,4,500
0.0434709,2.4426e-05,0.813219,5000,4,4,500
0.0435526,2.4498e-05,0.812555,5000,8,4,500
0.0435501,2.5447e-05,0.813818,5000,16,4,500
0.0434441,2.4571e-05,0.801308,5000,32,4,500
0.0435388,2.4422e-05,0.794076,5000,64,4,500
0.043509,2.4665e-05,0.82913,5000,128,4,500
0.0435041,2.4815e-05,0.90777,5000,256,4,500
0.0434906,2.4636e-05,0.839118,5000,1,8,500
0.0435585,2.549e-05,0.761306,5000,2,8,500
0.0436078,2.5374e-05,0.765494,5000,4,8,500
0.0435288,2.4433e-05,0.766255,5000,8,8,500
0.0436207,2.4379e-05,0.76452,5000,16,8,500
0.0434993,2.4924e-05,0.764279,5000,32,8,500
0.04349,2.4117e-05,0.769419,5000,64,8,500
0.0434558,2.4891e-05,0.772497,5000,128,8,500
0.0434743,2.4133e-05,0.627264,5000,1,16,500
0.043507,2.4013e-05,0.595149,5000,2,16,500
0.0434693,2.4258e-05,0.623725,5000,4,16,500
0.0435466,2.4462e-05,0.600014,5000,8,16,500
0.0434229,2.438e-05,0.644876,5000,16,16,500
0.0436447,2.5147e-05,0.654294,5000,32,16,500
0.0435904,2.4405e-05,0.658718,5000,64,16,500
0.0434888,2.4271e-05,0.559681,5000,1,32,500
0.0436187,2.5187e-05,0.551321,5000,2,32,500
0.0435007,2.4494e-05,0.551846,5000,4,32,500
0.0434816,2.4488e-05,0.548161,5000,8,32,500
0.0435307,2.3926e-05,0.562583,5000,16,32,500
0.0435421,2.573e-05,0.614378,5000,32,32,500
0.0437362,2.4342e-05,0.540855,5000,1,64,500
0.0434637,2.4381e-05,0.539186,5000,2,64,500
0.0434972,2.4309e-05,0.541723,5000,4,64,500
0.043504,2.4681e-05,0.542341,5000,8,64,500
0.0435073,2.4242e-05,0.553467,5000,16,64,500
0.0433879,2.4323e-05,0.534375,5000,1,128,500
0.0435145,2.4419e-05,0.537044,5000,2,128,500
0.0436043,2.467e-05,0.541239,5000,4,128,500
0.0435772,2.4601e-05,0.549181,5000,8,128,500
0.0435474,2.459e-05,0.533505,5000,1,256,500
0.043581,2.4457e-05,0.535502,5000,2,256,500
0.0436206,2.4611e-05,0.542829,5000,4,256,500
0.043466,2.527e-05,0.530908,5000,1,512,500
0.0434936,2.4173e-05,0.534351,5000,2,512,500
0.043572,2.4509e-05,0.535348,5000,1,1024,500
0.173194,3.7291e-05,3.93157,10000,1,1,500
0.172976,3.7991e-05,2.53312,10000,2,1,500
0.17324,3.7976e-05,2.00967,10000,4,1,500
0.173497,3.652e-05,1.90704,10000,8,1,500
0.173234,3.6969e-05,1.90897,10000,16,1,500
0.172987,3.6802e-05,1.9458,10000,32,1,500
0.173156,3.7652e-05,1.93619,10000,64,1,500
0.17334,3.6377e-05,1.93305,10000,128,1,500
0.173241,3.6076e-05,2.39684,10000,256,1,500
0.173413,3.7536e-05,3.5886,10000,512,1,500
0.172874,3.6738e-05,5.42205,10000,1024,1,500
0.173025,3.6951e-05,3.26198,10000,1,2,500
0.173318,3.6612e-05,2.26333,10000,2,2,500
0.173405,3.6341e-05,1.93794,10000,4,2,500
0.173192,3.7522e-05,1.86428,10000,8,2,500
0.173376,3.5488e-05,1.87875,10000,16,2,500
0.17293,3.7614e-05,1.8753,10000,32,2,500
0.173245,3.6537e-05,1.86416,10000,64,2,500
0.173276,3.6068e-05,1.86401,10000,128,2,500
0.173229,3.7384e-05,2.04317,10000,256,2,500
0.173133,3.6446e-05,3.07471,10000,512,2,500
0.173015,3.7026e-05,2.98609,10000,1,4,500
0.173065,3.6051e-05,2.1687,10000,2,4,500
0.173207,3.6814e-05,1.90724,10000,4,4,500
0.173344,3.6348e-05,1.84011,10000,8,4,500
0.173284,4.4133e-05,1.85683,10000,16,4,500
0.173217,3.6528e-05,1.85887,10000,32,4,500
0.173162,3.6406e-05,1.86379,10000,64,4,500
0.173252,3.6869e-05,1.8628,10000,128,4,500
0.173354,3.5996e-05,2.47392,10000,256,4,500
0.173372,3.7692e-05,2.24107,10000,1,8,500
0.173312,3.6261e-05,1.93773,10000,2,8,500
0.173381,3.6811e-05,1.78905,10000,4,8,500
0.173143,3.6387e-05,1.78574,10000,8,8,500
0.173128,3.6722e-05,2.01457,10000,16,8,500
0.173112,3.6547e-05,1.7928,10000,32,8,500
0.173622,3.6016e-05,1.78664,10000,64,8,500
0.173304,3.7276e-05,1.78807,10000,128,8,500
0.173259,3.6393e-05,1.38139,10000,1,16,500
0.173199,3.6418e-05,1.22893,10000,2,16,500
0.173235,3.5837e-05,1.30294,10000,4,16,500
0.17333,3.5777e-05,1.21783,10000,8,16,500
0.173183,3.824e-05,1.62361,10000,16,16,500
0.172978,3.6017e-05,2.72509,10000,32,16,500
0.173188,3.8354e-05,2.47967,10000,64,16,500
0.172996,3.6605e-05,1.11211,10000,1,32,500
0.17323,3.6991e-05,1.07393,10000,2,32,500
0.173054,3.5854e-05,1.07858,10000,4,32,500
0.173348,3.5501e-05,1.08187,10000,8,32,500
0.173212,4.4689e-05,1.13887,10000,16,32,500
0.173194,3.6118e-05,1.41184,10000,32,32,500
0.173636,3.6714e-05,1.04322,10000,1,64,500
0.172958,3.6746e-05,1.03932,10000,2,64,500
0.172893,3.6225e-05,1.04517,10000,4,64,500
0.17309,3.5368e-05,1.04948,10000,8,64,500
0.173297,3.6019e-05,1.13094,10000,16,64,500
0.173298,3.5788e-05,1.03408,10000,1,128,500
0.173247,3.5194e-05,1.03253,10000,2,128,500
0.173233,3.5476e-05,1.04805,10000,4,128,500
0.173358,3.5856e-05,1.0565,10000,8,128,500
0.173471,3.6296e-05,1.01956,10000,1,256,500
0.173324,3.6239e-05,1.01773,10000,2,256,500
0.17318,3.6482e-05,1.04116,10000,4,256,500
0.173223,3.865e-05,1.0129,10000,1,512,500
0.173429,3.6926e-05,1.02098,10000,2,512,500
0.17329,3.7555e-05,1.0129,10000,1,1024,500
0.0435377,2.5206e-05,1.2716,5000,1,1,500
0.0435209,2.4123e-05,0.918514,5000,2,1,500
0.0434653,2.5048e-05,0.896244,5000,4,1,500
0.0434555,2.4344e-05,0.865508,5000,8,1,500
0.0434667,2.4483e-05,0.858284,5000,16,1,500
0.0435795,2.4866e-05,0.901263,5000,32,1,500
0.0435565,2.3921e-05,0.91226,5000,64,1,500
0.0434812,2.4516e-05,0.926876,5000,128,1,500
0.0435569,2.3596e-05,1.20817,5000,256,1,500
0.0435186,2.5233e-05,1.77573,5000,512,1,500
0.0435361,2.5071e-05,2.67782,5000,1024,1,500
0.0434697,2.4302e-05,1.09758,5000,1,2,500
0.0435068,2.6084e-05,0.850988,5000,2,2,500
0.0435572,2.4924e-05,0.842321,5000,4,2,500
0.0435411,2.4778e-05,0.810288,5000,8,2,500
0.043508,2.5829e-05,0.82098,5000,16,2,500
0.0434645,2.4969e-05,0.819438,5000,32,2,500
0.043545,2.4236e-05,0.804712,5000,64,2,500
0.043552,2.4592e-05,0.86537,5000,128,2,500
0.0435446,2.4181e-05,1.03669,5000,256,2,500
0.0434132,2.5963e-05,1.45656,5000,512,2,500
0.0435128,2.4624e-05,1.02706,5000,1,4,500
0.0434783,2.4101e-05,0.829988,5000,2,4,500
0.0435275,2.4189e-05,0.816484,5000,4,4,500
0.0435515,2.4729e-05,0.811814,5000,8,4,500
0.0434027,2.4338e-05,0.812893,5000,16,4,500
0.0435388,2.566e-05,0.801283,5000,32,4,500
0.0435701,2.5317e-05,0.793304,5000,64,4,500
0.0434977,2.4975e-05,0.824433,5000,128,4,500
0.0435269,2.404e-05,0.903137,5000,256,4,500
0.0435899,2.4683e-05,0.836768,5000,1,8,500
0.0435318,2.4781e-05,0.760778,5000,2,8,500
0.0436425,2.4717e-05,0.760037,5000,4,8,500
0.0435709,2.5064e-05,0.766139,5000,8,8,500
0.0435376,2.4832e-05,0.76819,5000,16,8,500
0.0434672,2.5603e-05,0.767488,5000,32,8,500
0.0434612,2.4711e-05,0.769533,5000,64,8,500
0.0435793,2.5786e-05,0.776782,5000,128,8,500
0.0434731,2.3775e-05,0.634984,5000,1,16,500
0.0435455,2.4451e-05,0.591133,5000,2,16,500
0.0434638,2.4576e-05,0.623113,5000,4,16,500
0.0435669,2.4983e-05,0.603792,5000,8,16,500
0.0435552,2.4631e-05,0.651373,5000,16,16,500
0.0434709,2.5335e-05,0.655974,5000,32,16,500
0.0434584,2.5597e-05,0.660584,5000,64,16,500
0.0435182,2.3676e-05,0.558505,5000,1,32,500
0.043469,2.5255e-05,0.554485,5000,2,32,500
0.0435636,2.3803e-05,0.549812,5000,4,32,500
0.0435032,2.4297e-05,0.553156,5000,8,32,500
0.0435224,2.4446e-05,0.565603,5000,16,32,500
0.0435319,2.5704e-05,0.60817,5000,32,32,500
0.0434964,2.5406e-05,0.542742,5000,1,64,500
0.0435723,2.3971e-05,0.543975,5000,2,64,500
0.043517,2.4747e-05,0.543675,5000,4,64,500
0.0435359,2.4855e-05,0.546642,5000,8,64,500
0.0434726,2.3975e-05,0.554955,5000,16,64,500
0.0434686,2.4698e-05,0.537571,5000,1,128,500
0.0434854,2.4765e-05,0.539363,5000,2,128,500
0.0434529,2.4257e-05,0.542235,5000,4,128,500
0.0434851,2.4329e-05,0.545087,5000,8,128,500
0.0434723,2.3777e-05,0.531566,5000,1,256,500
0.0434129,2.4111e-05,0.536679,5000,2,256,500
0.0434661,2.3956e-05,0.541195,5000,4,256,500
0.043589,2.5119e-05,0.533597,5000,1,512,500
0.0435389,2.4381e-05,0.537978,5000,2,512,500
0.0435241,2.4452e-05,0.536185,5000,1,1024,500
0.173197,3.7213e-05,3.93572,10000,1,1,500
0.173287,3.6547e-05,2.53611,10000,2,1,500
0.172984,3.6467e-05,2.01348,10000,4,1,500
0.173051,3.5833e-05,1.91161,10000,8,1,500
0.173059,3.6911e-05,1.90863,10000,16,1,500
0.173421,3.6325e-05,1.93909,10000,32,1,500
0.17314,3.5787e-05,1.93274,10000,64,1,500
0.17302,3.6036e-05,1.93262,10000,128,1,500
0.1734,3.6957e-05,2.39259,10000,256,1,500
0.173258,3.5649e-05,3.58894,10000,512,1,500
0.173223,3.7157e-05,5.428,10000,1024,1,500
0.173325,3.73e-05,3.26136,10000,1,2,500
0.173254,3.7174e-05,2.26645,10000,2,2,500
0.173316,4.2959e-05,1.93686,10000,4,2,500
0.173388,3.6366e-05,1.86221,10000,8,2,500
0.173074,3.6074e-05,1.87996,10000,16,2,500
0.173455,3.6835e-05,1.86764,10000,32,2,500
0.173177,3.6653e-05,1.86763,10000,64,2,500
0.17346,3.6876e-05,1.86018,10000,128,2,500
0.173464,3.7142e-05,2.04017,10000,256,2,500
0.173251,3.7183e-05,3.08649,10000,512,2,500
0.173247,3.6754e-05,2.98967,10000,1,4,500
0.172961,3.6992e-05,2.16961,10000,2,4,500
0.173115,3.6753e-05,1.90704,10000,4,4,500
0.173034,3.6673e-05,1.83868,10000,8,4,500
0.173399,3.6333e-05,1.85905,10000,16,4,500
0.173202,3.7238e-05,1.85877,10000,32,4,500
0.173443,3.6779e-05,1.86413,10000,64,4,500
0.173373,3.613e-05,1.86578,10000,128,4,500
0.173156,3.7274e-05,2.47285,10000,256,4,500
0.173329,3.7065e-05,2.24063,10000,1,8,500
0.173167,3.6282e-05,1.93853,10000,2,8,500
0.173193,3.6907e-05,1.78706,10000,4,8,500
0.17311,3.6349e-05,1.78306,10000,8,8,500
0.173142,3.6703e-05,2.00877,10000,16,8,500
0.173292,3.6372e-05,1.79115,10000,32,8,500
0.173192,3.663e-05,1.7852,10000,64,8,500
0.173013,3.6005e-05,1.78707,10000,128,8,500
0.173259,3.7187e-05,1.38222,10000,1,16,500
0.172948,3.6156e-05,1.22948,10000,2,16,500
0.173095,3.5711e-05,1.30206,10000,4,16,500
0.173424,3.649e-05,1.21879,10000,8,16,500
0.173267,3.7253e-05,1.62377,10000,16,16,500
0.173361,3.7061e-05,2.69853,10000,32,16,500
0.173493,3.7025e-05,2.35118,10000,64,16,500
0.173331,3.6782e-05,1.11012,10000,1,32,500
0.173149,4.4626e-05,1.0755,10000,2,32,500
0.173292,3.6378e-05,1.07738,10000,4,32,500
0.173358,3.6161e-05,1.08442,10000,8,32,500
0.173561,3.6312e-05,1.14181,10000,16,32,500
0.173076,3.6187e-05,1.41345,10000,32,32,500
0.173298,3.7212e-05,1.04703,10000,1,64,500
0.173041,3.6435e-05,1.04048,10000,2,64,500
0.173097,3.6898e-05,1.0479,10000,4,64,500
0.173333,3.6669e-05,1.05337,10000,8,64,500
0.173176,3.6673e-05,1.13365,10000,16,64,500
0.172989,3.6485e-05,1.03296,10000,1,128,500
0.173165,3.6688e-05,1.02673,10000,2,128,500
0.172956,3.6867e-05,1.04568,10000,4,128,500
0.173289,3.6008e-05,1.05483,10000,8,128,500
0.173274,3.6736e-05,1.02035,10000,1,256,500
0.173287,3.6134e-05,1.01796,10000,2,256,500
0.17307,3.6882e-05,1.04045,10000,4,256,500
0.173426,3.5895e-05,1.01411,10000,1,512,500
0.173272,3.6815e-05,1.02027,10000,2,512,500
0.173273,3.6563e-05,1.01601,10000,1,1024,500
0.0434648,2.5025e-05,1.26874,5000,1,1,500
0.0434822,2.4468e-05,0.917583,5000,2,1,500
0.0434693,2.4744e-05,0.890337,5000,4,1,500
0.0434664,2.4248e-05,0.867385,5000,8,1,500
0.0435262,2.4147e-05,0.855602,5000,16,1,500
0.0435556,2.3809e-05,0.894152,5000,32,1,500
0.0435189,2.4708e-05,0.91153,5000,64,1,500
0.0434508,2.4661e-05,0.927396,5000,128,1,500
0.0434765,2.4866e-05,1.20466,5000,256,1,500
0.0434718,2.5306e-05,1.77819,5000,512,1,500
0.0434094,2.3864e-05,2.67681,5000,1024,1,500
0.0435276,2.4344e-05,1.0972,5000,1,2,500
0.0433813,2.609e-05,0.847327,5000,2,2,500
0.0435624,2.4504e-05,0.841448,5000,4,2,500
0.0434873,2.4469e-05,0.814582,5000,8,2,500
0.0434527,2.4671e-05,0.821652,5000,16,2,500
0.0434295,2.4416e-05,0.817659,5000,32,2,500
0.0434586,2.3886e-05,0.803932,5000,64,2,500
0.0435105,2.4914e-05,0.869679,5000,128,2,500
0.043531,2.5398e-05,1.03934,5000,256,2,500
0.0436992,2.5392e-05,1.45289,5000,512,2,500
0.0435332,2.4227e-05,1.02831,5000,1,4,500
0.0434409,2.4595e-05,0.825438,5000,2,4,500
0.0434513,2.4543e-05,0.81162,5000,4,4,500
0.0434906,2.478e-05,0.809594,5000,8,4,500
0.0435138,2.5625e-05,0.810797,5000,16,4,500
0.0435363,2.539e-05,0.802908,5000,32,4,500
0.0435593,2.4281e-05,0.797469,5000,64,4,500
0.0434624,2.5597e-05,0.831482,5000,128,4,500
0.0435803,2.4064e-05,0.905501,5000,256,4,500
0.0435547,2.5927e-05,0.836811,5000,1,8,500
0.0434414,2.4047e-05,0.763841,5000,2,8,500
0.0434401,2.4308e-05,0.761898,5000,4,8,500
0.0434832,2.3904e-05,0.76227,5000,8,8,500
0.0434467,2.481e-05,0.767488,5000,16,8,500
0.0434366,2.5179e-05,0.766543,5000,32,8,500
0.0434657,2.5572e-05,0.767661,5000,64,8,500
0.0434387,3.1102e-05,0.776524,5000,128,8,500
0.043508,2.4539e-05,0.631844,5000,1,16,500
0.0434222,2.4593e-05,0.592992,5000,2,16,500
0.0434612,2.5405e-05,0.623215,5000,4,16,500
0.0434764,2.4497e-05,0.602041,5000,8,16,500
0.0435358,2.3917e-05,0.647657,5000,16,16,500
0.0433492,2.541e-05,0.657026,5000,32,16,500
0.0435196,2.4434e-05,0.656441,5000,64,16,500
0.0434671,2.4328e-05,0.556395,5000,1,32,500
0.0434965,2.4199e-05,0.550468,5000,2,32,500
0.0435061,2.497e-05,0.548768,5000,4,32,500
0.0434859,2.4085e-05,0.551858,5000,8,32,500
0.0435481,2.5084e-05,0.563766,5000,16,32,500
0.043482,2.4254e-05,0.610143,5000,32,32,500
0.0435966,2.3933e-05,0.538845,5000,1,64,500
0.043399,2.3726e-05,0.53624,5000,2,64,500
0.04355,2.4745e-05,0.539482,5000,4,64,500
0.0435674,2.4693e-05,0.541454,5000,8,64,500
0.0435632,2.4745e-05,0.554523,5000,16,64,500
0.0436395,2.4089e-05,0.535442,5000,1,128,500
0.0435519,2.4004e-05,0.53804,5000,2,128,500
0.0435941,2.4979e-05,0.539175,5000,4,128,500
0.0435597,2.4866e-05,0.547292,5000,8,128,500
0.0435293,2.5096e-05,0.530815,5000,1,256,500
0.0436447,2.4374e-05,0.530474,5000,2,256,500
0.043541,2.3676e-05,0.539932,5000,4,256,500
0.043434,2.4804e-05,0.529649,5000,1,512,500
0.043485,3.126e-05,0.532923,5000,2,512,500
0.0435637,2.5241e-05,0.532676,5000,1,1024,500
0.173229,3.6857e-05,3.93187,10000,1,1,500
0.173352,3.6487e-05,2.52956,10000,2,1,500
0.173052,3.6016e-05,2.0086,10000,4,1,500
0.173371,3.695e-05,1.90776,10000,8,1,500
0.173298,3.7517e-05,1.90372,10000,16,1,500
0.173473,3.7166e-05,1.94072,10000,32,1,500
0.173305,3.6408e-05,1.93259,10000,64,1,500
0.173526,3.6668e-05,1.93416,10000,128,1,500
0.173382,3.6763e-05,2.39258,10000,256,1,500
0.173241,3.6557e-05,3.58441,10000,512,1,500
0.172986,4.398e-05,5.41945,10000,1024,1,500
0.17352,3.7108e-05,3.25798,10000,1,2,500
0.173199,3.6843e-05,2.265,10000,2,2,500
0.173227,3.6419e-05,1.93314,10000,4,2,500
0.173398,3.6649e-05,1.86452,10000,8,2,500
0.173302,3.6686e-05,1.87638,10000,16,2,500
0.173162,3.7244e-05,1.86917,10000,32,2,500
0.17324,3.7679e-05,1.86698,10000,64,2,500
0.173019,3.6927e-05,1.86338,10000,128,2,500
0.17315,4.2053e-05,2.04136,10000,256,2,500
0.173313,3.6669e-05,3.06827,10000,512,2,500
0.173058,3.7423e-05,2.98819,10000,1,4,500
0.173169,3.7385e-05,2.17218,10000,2,4,500
0.173022,3.5924e-05,1.90634,10000,4,4,500
0.17298,3.7017e-05,1.84051,10000,8,4,500
0.173478,3.6058e-05,1.85661,10000,16,4,500
0.17331,3.6322e-05,1.85648,10000,32,4,500
0.173319,3.664e-05,1.86274,10000,64,4,500
0.17339,3.7043e-05,1.86348,10000,128,4,500
0.173041,3.6033e-05,2.48727,10000,256,4,500
0.1731,3.6631e-05,2.23756,10000,1,8,500
0.173048,3.62e-05,1.94043,10000,2,8,500
0.173183,3.6454e-05,1.78414,10000,4,8,500
0.173324,3.6857e-05,1.78455,10000,8,8,500
0.173185,3.6302e-05,2.01189,10000,16,8,500
0.17328,3.6887e-05,1.78642,10000,32,8,500
0.173043,3.7396e-05,1.78584,10000,64,8,500
0.173468,3.6111e-05,1.78591,10000,128,8,500
0.173284,3.6327e-05,1.38407,10000,1,16,500
0.172908,3.599e-05,1.22709,10000,2,16,500
0.173244,3.6804e-05,1.30333,10000,4,16,500
0.173143,3.5614e-05,1.21631,10000,8,16,500
0.173149,3.6556e-05,1.61568,10000,16,16,500
0.173295,3.7289e-05,2.75175,10000,32,16,500
0.17349,3.761e-05,2.32357,10000,64,16,500
0.173258,3.622e-05,1.10872,10000,1,32,500
0.173178,3.5953e-05,1.0797,10000,2,32,500
0.173242,3.6861e-05,1.07808,10000,4,32,500
0.173603,3.5944e-05,1.08007,10000,8,32,500
0.173278,3.7778e-05,1.13545,10000,16,32,500
0.173162,3.5861e-05,1.41248,10000,32,32,500
0.173359,3.6428e-05,1.04524,10000,1,64,500
0.17325,3.6685e-05,1.03708,10000,2,64,500
0.173107,3.6269e-05,1.04254,10000,4,64,500
0.17317,3.6772e-05,1.04868,10000,8,64,500
0.17298,3.6634e-05,1.13278,10000,16,64,500
0.173291,3.6619e-05,1.02965,10000,1,128,500
0.17334,3.6975e-05,1.02962,10000,2,128,500
0.173413,3.5713e-05,1.04266,10000,4,128,500
0.172921,3.5956e-05,1.0512,10000,8,128,500
0.172986,3.5898e-05,1.01738,10000,1,256,500
0.173226,3.7155e-05,1.01968,10000,2,256,500
0.173107,3.611e-05,1.03955,10000,4,256,500
0.173347,3.5953e-05,1.01114,10000,1,512,500
0.173509,3.6549e-05,1.02162,10000,2,512,500
0.173182,3.5725e-05,1.01642,10000,1,1024,500
0.0434805,2.5096e-05,1.27382,5000,1,1,500
0.0434577,2.4566e-05,0.914727,5000,2,1,500
0.0434613,2.4707e-05,0.893961,5000,4,1,500
0.0434156,2.4446e-05,0.861276,5000,8,1,500
0.0435232,2.4464e-05,0.85343,5000,16,1,500
0.043436,2.4867e-05,0.900829,5000,32,1,500
0.0435487,2.4096e-05,0.909764,5000,64,1,500
0.0435436,2.5026e-05,0.930297,5000,128,1,500
0.0435425,2.5402e-05,1.20645,5000,256,1,500
0.0434755,2.5617e-05,1.77953,5000,512,1,500
0.043541,2.3802e-05,2.67458,5000,1024,1,500
0.0435621,2.5412e-05,1.0967,5000,1,2,500
0.0435671,2.4557e-05,0.846915,5000,2,2,500
0.0435396,2.4348e-05,0.843758,5000,4,2,500
0.0435136,2.464e-05,0.810518,5000,8,2,500
0.0436352,2.4438e-05,0.819212,5000,16,2,500
0.0434538,2.4623e-05,0.81656,5000,32,2,500
0.04352,2.5409e-05,0.808722,5000,64,2,500
0.0435142,2.5836e-05,0.863944,5000,128,2,500
0.0435246,2.4744e-05,1.03745,5000,256,2,500
0.043534,2.5649e-05,1.45304,5000,512,2,500
0.0434973,2.425e-05,1.0291,5000,1,4,500
0.0434612,2.4704e-05,0.827523,5000,2,4,500
0.0435373,2.6597e-05,0.810372,5000,4,4,500
0.0434848,2.4802e-05,0.813297,5000,8,4,500
0.0434563,2.412e-05,0.809149,5000,16,4,500
0.0434381,2.406e-05,0.801346,5000,32,4,500
0.0435899,2.3931e-05,0.795171,5000,64,4,500
0.0435201,2.5565e-05,0.827998,5000,128,4,500
0.043498,2.5031e-05,0.90987,5000,256,4,500
0.0435346,2.4207e-05,0.837909,5000,1,8,500
0.0435433,2.559e-05,0.763511,5000,2,8,500
0.0434851,2.4596e-05,0.762881,5000,4,8,500
0.0435842,2.6435e-05,0.765747,5000,8,8,500
0.0435082,2.4184e-05,0.767139,5000,16,8,500
0.043457,2.4478e-05,0.760938,5000,32,8,500
0.0435662,2.5335e-05,0.768992,5000,64,8,500
0.0434999,2.5153e-05,0.773281,5000,128,8,500
0.0435253,2.4514e-05,0.631801,5000,1,16,500
0.0435199,2.5142e-05,0.591546,5000,2,16,500
0.0435683,2.4956e-05,0.61778,5000,4,16,500
0.0436142,2.6041e-05,0.602595,5000,8,16,500
0.0435385,2.4058e-05,0.646067,5000,16,16,500
0.0434938,2.4941e-05,0.655618,5000,32,16,500
0.0435251,2.5135e-05,0.656911,5000,64,16,500
0.0435549,2.5041e-05,0.559808,5000,1,32,500
0.0435537,2.4404e-05,0.548732,5000,2,32,500
0.0435233,2.5002e-05,0.545975,5000,4,32,500
0.0435163,2.5334e-05,0.546457,5000,8,32,500
0.043502,2.4927e-05,0.564939,5000,16,32,500
0.0435187,2.4879e-05,0.606637,5000,32,32,500
0.0434888,2.5237e-05,0.537968,5000,1,64,500
0.043514,2.4036e-05,0.538954,5000,2,64,500
0.0434554,2.4346e-05,0.539075,5000,4,64,500
0.0435038,2.4998e-05,0.544352,5000,8,64,500
0.0434521,2.3919e-05,0.556326,5000,16,64,500
0.0435108,2.4368e-05,0.535057,5000,1,128,500
0.0434801,2.5079e-05,0.533601,5000,2,128,500
0.0435607,2.3917e-05,0.535709,5000,4,128,500
0.0435812,2.4858e-05,0.546197,5000,8,128,500
0.0434773,2.4487e-05,0.535457,5000,1,256,500
0.0435049,2.4987e-05,0.535733,5000,2,256,500
0.043609,2.4903e-05,0.53875,5000,4,256,500
0.0435161,2.4876e-05,0.532128,5000,1,512,500
0.0434483,2.4279e-05,0.535758,5000,2,512,500
0.043633,2.55e-05,0.532932,5000,1,1024,500
0.173458,3.6417e-05,3.93282,10000,1,1,500
0.173023,3.7077e-05,2.5314,10000,2,1,500
0.174236,3.6413e-05,2.00666,10000,4,1,500
0.173365,3.6614e-05,1.91362,10000,8,1,500
0.173219,3.6944e-05,1.9077,10000,16,1,500
0.173173,3.5806e-05,1.93973,10000,32,1,500
0.173051,3.6729e-05,1.93253,10000,64,1,500
0.172854,3.7149e-05,1.93179,10000,128,1,500
0.173371,3.6864e-05,2.39394,10000,256,1,500
0.173405,3.7202e-05,3.59129,10000,512,1,500
0.173218,3.6058e-05,5.4229,10000,1024,1,500
0.173017,3.7312e-05,3.25656,10000,1,2,500
0.173004,3.5946e-05,2.26459,10000,2,2,500
0.173073,3.6714e-05,1.93694,10000,4,2,500
0.173214,3.6261e-05,1.86518,10000,8,2,500
0.172918,3.7395e-05,1.87725,10000,16,2,500
0.172895,3.6713e-05,1.86172,10000,32,2,500
0.173344,3.6832e-05,1.86794,10000,64,2,500
0.173185,3.672e-05,1.85943,10000,128,2,500
0.173312,3.6181e-05,2.0407,10000,256,2,500
0.173256,3.7121e-05,3.06923,10000,512,2,500
0.173499,3.6929e-05,2.98585,10000,1,4,500
0.173501,3.709e-05,2.16635,10000,2,4,500
0.173297,3.5769e-05,1.90576,10000,4,4,500
0.173331,3.7164e-05,1.84472,10000,8,4,500
0.173096,3.7918e-05,1.85723,10000,16,4,500
0.173103,3.6188e-05,1.85561,10000,32,4,500
0.173191,3.7102e-05,1.86418,10000,64,4,500
0.173438,3.6541e-05,1.86194,10000,128,4,500
0.173303,3.7001e-05,2.49053,10000,256,4,500
0.17329,3.7295e-05,2.23887,10000,1,8,500
0.173134,3.6705e-05,1.93849,10000,2,8,500
0.173081,3.6163e-05,1.78431,10000,4,8,500
0.173259,3.7265e-05,1.78677,10000,8,8,500
0.173167,3.6549e-05,2.01046,10000,16,8,500
0.173155,3.8079e-05,1.79199,10000,32,8,500
0.17318,3.6546e-05,1.78716,10000,64,8,500
0.173422,3.7379e-05,1.78211,10000,128,8,500
0.173342,3.6999e-05,1.38376,10000,1,16,500
0.17319,4.3608e-05,1.23192,10000,2,16,500
0.173377,3.5785e-05,1.30236,10000,4,16,500
0.173148,3.6678e-05,1.21266,10000,8,16,500
0.173146,3.7157e-05,1.614,10000,16,16,500
0.173329,3.7145e-05,2.71414,10000,32,16,500
0.173248,3.7011e-05,2.33507,10000,64,16,500
0.173016,3.7084e-05,1.1085,10000,1,32,500
0.173555,3.6186e-05,1.07772,10000,2,32,500
0.173172,3.6283e-05,1.0757,10000,4,32,500
0.173168,3.6386e-05,1.08065,10000,8,32,500
0.173334,3.701e-05,1.14029,10000,16,32,500
0.173254,3.6043e-05,1.41288,10000,32,32,500
0.173116,3.6115e-05,1.04418,10000,1,64,500
0.173192,3.7621e-05,1.04053,10000,2,64,500
0.173187,3.602e-05,1.04354,10000,4,64,500
0.172998,3.811e-05,1.05108,10000,8,64,500
0.172992,3.6785e-05,1.12656,10000,16,64,500
0.173123,3.726e-05,1.02763,10000,1,128,500
0.17311,3.6872e-05,1.03037,10000,2,128,500
0.173255,3.6906e-05,1.04295,10000,4,128,500
0.173359,3.6748e-05,1.05235,10000,8,128,500
0.173261,3.6021e-05,1.01665,10000,1,256,500
0.173323,3.6711e-05,1.01771,10000,2,256,500
0.173416,3.6122e-05,1.03931,10000,4,256,500
0.173016,3.7225e-05,1.00982,10000,1,512,500
0.173228,3.715e-05,1.01816,10000,2,512,500
0.173037,3.5807e-05,1.01113,10000,1,1024,500
0.0434483,2.4056e-05,1.26952,5000,1,1,500
0.0435244,2.4843e-05,0.917571,5000,2,1,500
0.0435933,2.372e-05,0.893563,5000,4,1,500
0.0435628,2.4605e-05,0.866632,5000,8,1,500
0.0434587,2.4752e-05,0.856093,5000,16,1,500
0.0435012,2.4632e-05,0.891478,5000,32,1,500
0.0434505,2.5451e-05,0.910541,5000,64,1,500
0.0435418,2.5238e-05,0.931925,5000,128,1,500
0.0434412,2.4833e-05,1.2049,5000,256,1,500
0.0434762,2.4459e-05,1.77319,5000,512,1,500
0.0435546,2.4729e-05,2.67416,5000,1024,1,500
0.0434737,2.4708e-05,1.09458,5000,1,2,500
0.0435911,2.5161e-05,0.849722,5000,2,2,500
0.0435186,2.5568e-05,0.841467,5000,4,2,500
0.0434756,2.3998e-05,0.808853,5000,8,2,500
0.0435447,2.5396e-05,0.820652,5000,16,2,500
0.043692,2.4966e-05,0.815337,5000,32,2,500
0.0436613,2.426e-05,0.811643,5000,64,2,500
0.043557,2.4173e-05,0.869702,5000,128,2,500
0.0435192,2.392e-05,1.03653,5000,256,2,500
0.0434933,2.3476e-05,1.45197,5000,512,2,500
0.0435012,2.4963e-05,1.02813,5000,1,4,500
0.0435648,2.4836e-05,0.838753,5000,2,4,500
0.0434812,2.4372e-05,0.812739,5000,4,4,500
0.0434611,2.4578e-05,0.809055,5000,8,4,500
0.0435277,2.5163e-05,0.809744,5000,16,4,500
0.0435457,2.429e-05,0.798743,5000,32,4,500
0.0436234,2.4231e-05,0.792601,5000,64,4,500
0.0434565,2.4762e-05,0.825323,5000,128,4,500
0.0436048,2.4631e-05,0.909565,5000,256,4,500
0.0435648,2.4971e-05,0.837445,5000,1,8,500
0.0434981,2.4072e-05,0.76126,5000,2,8,500
0.0435519,2.4859e-05,0.764519,5000,4,8,500
0.0435516,2.523e-05,0.763545,5000,8,8,500
0.0435969,2.51e-05,0.765665,5000,16,8,500
0.0434187,2.4237e-05,0.764466,5000,32,8,500
0.0434758,2.5334e-05,0.767999,5000,64,8,500
0.0434304,2.5082e-05,0.77328,5000,128,8,500
0.0434969,2.439e-05,0.629745,5000,1,16,500
0.0435609,2.4959e-05,0.591583,5000,2,16,500
0.0435019,2.4563e-05,0.62171,5000,4,16,500
0.0435317,2.4616e-05,0.60098,5000,8,16,500
0.043464,2.468e-05,0.645838,5000,16,16,500
0.0435547,2.5114e-05,0.652003,5000,32,16,500
0.0435602,3.102e-05,0.654704,5000,64,16,500
0.0435009,2.4843e-05,0.560445,5000,1,32,500
0.0434886,2.4857e-05,0.550888,5000,2,32,500
0.0435101,2.4778e-05,0.551013,5000,4,32,500
0.043479,2.4285e-05,0.547013,5000,8,32,500
0.0435196,2.4665e-05,0.561577,5000,16,32,500
0.0435025,2.3749e-05,0.610068,5000,32,32,500
0.0435939,2.5159e-05,0.539553,5000,1,64,500
0.0435334,2.4447e-05,0.537644,5000,2,64,500
0.0434222,2.4408e-05,0.540381,5000,4,64,500
0.043486,2.4161e-05,0.540602,5000,8,64,500
0.0435948,2.5352e-05,0.555203,5000,16,64,500
0.0435272,2.3966e-05,0.534841,5000,1,128,500
0.0435358,2.4374e-05,0.535385,5000,2,128,500
0.0435043,2.4446e-05,0.538442,5000,4,128,500
0.0436266,3.0645e-05,0.545483,5000,8,128,500
0.0434879,2.3859e-05,0.532156,5000,1,256,500
0.0435485,2.4494e-05,0.528473,5000,2,256,500
0.0435217,2.3822e-05,0.539761,5000,4,256,500
0.0434536,2.5333e-05,0.53093,5000,1,512,500
0.0433719,2.4875e-05,0.541548,5000,2,512,500
0.0435439,2.4694e-05,0.532892,5000,1,1024,500
0.173272,3.6331e-05,3.93268,10000,1,1,500
0.173244,3.713e-05,2.53592,10000,2,1,500
0.173186,3.7468e-05,2.00674,10000,4,1,500
0.173214,3.7085e-05,1.91329,10000,8,1,500
0.173546,3.8121e-05,1.90652,10000,16,1,500
0.17333,3.5912e-05,1.93714,10000,32,1,500
0.173114,3.5756e-05,1.93215,10000,64,1,500
0.172996,3.576e-05,1.93042,10000,128,1,500
0.173128,3.7389e-05,2.39146,10000,256,1,500
0.173131,3.6336e-05,3.58901,10000,512,1,500
0.173196,3.5371e-05,5.41944,10000,1024,1,500
0.173101,3.6948e-05,3.25956,10000,1,2,500
0.172915,3.6591e-05,2.26198,10000,2,2,500
0.173332,3.7101e-05,1.93691,10000,4,2,500
0.173153,3.5836e-05,1.86368,10000,8,2,500
0.173116,3.6456e-05,1.87651,10000,16,2,500
0.173569,3.6204e-05,1.86396,10000,32,2,500
0.173037,3.6567e-05,1.86288,10000,64,2,500
0.173114,3.6766e-05,1.86891,10000,128,2,500
0.17315,3.5963e-05,2.04134,10000,256,2,500
0.172968,3.8089e-05,3.08355,10000,512,2,500
0.173263,3.6529e-05,2.98857,10000,1,4,500
0.173288,3.6536e-05,2.1672,10000,2,4,500
0.173239,3.56e-05,1.90819,10000,4,4,500
0.173172,3.627e-05,1.84217,10000,8,4,500
0.173254,3.6548e-05,1.85699,10000,16,4,500
0.173607,3.7502e-05,1.85888,10000,32,4,500
0.173293,3.7508e-05,1.8655,10000,64,4,500
0.173052,3.7214e-05,1.86054,10000,128,4,500
0.173193,3.6641e-05,2.497,10000,256,4,500
0.173336,3.6608e-05,2.23402,10000,1,8,500
0.173536,3.6195e-05,1.9389,10000,2,8,500
0.173435,3.5868e-05,1.78831,10000,4,8,500
0.1731,3.5924e-05,1.78378,10000,8,8,500
0.174569,3.6604e-05,2.01493,10000,16,8,500
0.173278,3.7718e-05,1.78912,10000,32,8,500
0.173309,3.6506e-05,1.78895,10000,64,8,500
0.173127,3.6375e-05,1.78416,10000,128,8,500
0.173484,3.5927e-05,1.38289,10000,1,16,500
0.173277,3.6586e-05,1.22771,10000,2,16,500
0.173348,3.7829e-05,1.30003,10000,4,16,500
0.173297,3.5627e-05,1.21622,10000,8,16,500
0.173444,3.7897e-05,1.61747,10000,16,16,500
0.173354,3.7937e-05,2.75462,10000,32,16,500
0.173043,3.6992e-05,2.39212,10000,64,16,500
0.173419,3.5576e-05,1.10962,10000,1,32,500
0.173324,3.6059e-05,1.07597,10000,2,32,500
0.173445,3.7243e-05,1.07548,10000,4,32,500
0.173401,3.5952e-05,1.08329,10000,8,32,500
0.174587,3.6345e-05,1.13762,10000,16,32,500
0.17311,3.7715e-05,1.41317,10000,32,32,500
0.172995,3.7642e-05,1.04576,10000,1,64,500
0.173268,3.7391e-05,1.04023,10000,2,64,500
0.173355,3.6127e-05,1.04384,10000,4,64,500
0.173529,3.6336e-05,1.04776,10000,8,64,500
0.172958,3.7362e-05,1.12711,10000,16,64,500
0.173132,3.6274e-05,1.03012,10000,1,128,500
0.173271,3.6858e-05,1.02612,10000,2,128,500
0.172993,3.6499e-05,1.03874,10000,4,128,500
0.172936,3.7417e-05,1.05825,10000,8,128,500
0.173156,3.5942e-05,1.01695,10000,1,256,500
0.173067,3.6719e-05,1.01798,10000,2,256,500
0.173328,3.5727e-05,1.03888,10000,4,256,500
0.173446,3.7307e-05,1.00668,10000,1,512,500
0.173353,3.6312e-05,1.01919,10000,2,512,500
0.173289,3.6485e-05,1.01373,10000,1,1024,500
