dim N iter time
(2x1) 8192 1000  1.142072e+01
(4x1) 8192 1000  9.231277e+00
(8x1) 8192 1000  6.105521e+00
(16x1) 8192 1000  4.559947e+00
(32x1) 8192 1000  5.296978e+00
(64x1) 8192 1000  5.161527e+00
(128x1) 8192 1000  5.518989e+00
(129x1) 8192 1000  5.814175e+00
(256x1) 8192 1000  9.919708e+00
(512x1) 8192 1000  2.075795e+01
(1024x1) 8192 1000  4.262657e+01
(2x1) 8192 1000  1.092233e+01
(4x1) 8192 1000  9.208353e+00
(8x1) 8192 1000  6.107752e+00
(16x1) 8192 1000  4.795556e+00
(32x1) 8192 1000  5.536442e+00
(64x1) 8192 1000  5.126911e+00
(128x1) 8192 1000  5.545238e+00
(129x1) 8192 1000  5.815277e+00
(256x1) 8192 1000  1.003169e+01
(512x1) 8192 1000  2.078674e+01
(1024x1) 8192 1000  4.262746e+01
(2x1) 8192 1000  1.092465e+01
(4x1) 8192 1000  9.210022e+00
(8x1) 8192 1000  6.105543e+00
(16x1) 8192 1000  4.485715e+00
(32x1) 8192 1000  5.110275e+00
(64x1) 8192 1000  5.502049e+00
(128x1) 8192 1000  5.147251e+00
(129x1) 8192 1000  5.542901e+00
(256x1) 8192 1000  1.003191e+01
(512x1) 8192 1000  2.076939e+01
(1024x1) 8192 1000  4.258612e+01
(2x1) 8192 1000  1.136278e+01
(4x1) 8192 1000  9.220840e+00
(8x1) 8192 1000  6.107302e+00
(16x1) 8192 1000  4.522648e+00
(32x1) 8192 1000  5.323282e+00
(64x1) 8192 1000  5.488475e+00
(128x1) 8192 1000  5.183371e+00
(129x1) 8192 1000  5.479513e+00
(256x1) 8192 1000  1.005337e+01
(512x1) 8192 1000  2.078984e+01
(1024x1) 8192 1000  4.263388e+01
(2x1) 8192 1000  1.092563e+01
(4x1) 8192 1000  9.240215e+00
(8x1) 8192 1000  6.109390e+00
(16x1) 8192 1000  4.792982e+00
(32x1) 8192 1000  5.110222e+00
(64x1) 8192 1000  5.155329e+00
(128x1) 8192 1000  5.172071e+00
(129x1) 8192 1000  5.617877e+00
(256x1) 8192 1000  9.950175e+00
(512x1) 8192 1000  2.079559e+01
(1024x1) 8192 1000  4.259335e+01
(2x1) 8192 1000  1.090842e+01
(4x1) 8192 1000  9.212903e+00
(8x1) 8192 1000  6.090595e+00
(16x1) 8192 1000  4.543700e+00
(32x1) 8192 1000  5.139712e+00
(64x1) 8192 1000  5.175178e+00
(128x1) 8192 1000  5.565175e+00
(129x1) 8192 1000  5.502083e+00
(256x1) 8192 1000  1.004935e+01
(512x1) 8192 1000  2.075864e+01
(1024x1) 8192 1000  4.258346e+01
(2x1) 8192 1000  1.092304e+01
(4x1) 8192 1000  9.222493e+00
(8x1) 8192 1000  6.100542e+00
(16x1) 8192 1000  4.507482e+00
(32x1) 8192 1000  5.132026e+00
(64x1) 8192 1000  5.505876e+00
(128x1) 8192 1000  5.169853e+00
(129x1) 8192 1000  5.476677e+00
(256x1) 8192 1000  1.004661e+01
(512x1) 8192 1000  2.079187e+01
(1024x1) 8192 1000  4.258652e+01
(2x1) 8192 1000  1.102096e+01
(4x1) 8192 1000  9.219674e+00
(8x1) 8192 1000  6.097486e+00
(16x1) 8192 1000  4.526144e+00
(32x1) 8192 1000  5.110869e+00
(64x1) 8192 1000  5.161356e+00
(128x1) 8192 1000  5.182362e+00
(129x1) 8192 1000  5.476527e+00
(256x1) 8192 1000  9.922988e+00
(512x1) 8192 1000  2.079315e+01
(1024x1) 8192 1000  4.256975e+01
(2x1) 8192 1000  1.094121e+01
(4x1) 8192 1000  9.234388e+00
(8x1) 8192 1000  6.103476e+00
(16x1) 8192 1000  4.564754e+00
(32x1) 8192 1000  5.182206e+00
(64x1) 8192 1000  5.501111e+00
(128x1) 8192 1000  5.146711e+00
(129x1) 8192 1000  5.505197e+00
(256x1) 8192 1000  9.974108e+00
(512x1) 8192 1000  2.078366e+01
(1024x1) 8192 1000  4.259448e+01
(2x1) 8192 1000  1.145793e+01
(4x1) 8192 1000  9.226532e+00
(8x1) 8192 1000  6.099646e+00
(16x1) 8192 1000  4.485865e+00
(32x1) 8192 1000  5.635985e+00
(64x1) 8192 1000  5.174056e+00
(128x1) 8192 1000  5.559070e+00
(129x1) 8192 1000  5.635292e+00
(256x1) 8192 1000  9.961042e+00
(512x1) 8192 1000  2.080112e+01
(1024x1) 8192 1000  4.258908e+01
(2x1) 8192 1000  1.094478e+01
(12x1) 8192 1000  4.969697e+00
(22x1) 8192 1000  4.632220e+00
(32x1) 8192 1000  5.125726e+00
(42x1) 8192 1000  5.644928e+00
(52x1) 8192 1000  4.512399e+00
(62x1) 8192 1000  5.151974e+00
(72x1) 8192 1000  6.116999e+00
(82x1) 8192 1000  6.846141e+00
(92x1) 8192 1000  7.319598e+00
(102x1) 8192 1000  5.348567e+00
(112x1) 8192 1000  4.681284e+00
(122x1) 8192 1000  5.004289e+00
(132x1) 8192 1000  5.800583e+00
(142x1) 8192 1000  5.932954e+00
(152x1) 8192 1000  6.265605e+00
(162x1) 8192 1000  6.680983e+00
(172x1) 8192 1000  7.184335e+00
(182x1) 8192 1000  7.322208e+00
(192x1) 8192 1000  7.656219e+00
(202x1) 8192 1000  7.988640e+00
(212x1) 8192 1000  8.229123e+00
(222x1) 8192 1000  8.614494e+00
(232x1) 8192 1000  9.129798e+00
(242x1) 8192 1000  9.413752e+00
(252x1) 8192 1000  9.858654e+00
(262x1) 8192 1000  1.038477e+01
(272x1) 8192 1000  1.069723e+01
(282x1) 8192 1000  1.103258e+01
(292x1) 8192 1000  1.149680e+01
(302x1) 8192 1000  1.176351e+01
(312x1) 8192 1000  1.221163e+01
(322x1) 8192 1000  1.271886e+01
(332x1) 8192 1000  1.303826e+01
(342x1) 8192 1000  1.352540e+01
(352x1) 8192 1000  1.388798e+01
(362x1) 8192 1000  1.428207e+01
(372x1) 8192 1000  1.475217e+01
(382x1) 8192 1000  1.513119e+01
(392x1) 8192 1000  1.559119e+01
(402x1) 8192 1000  1.607878e+01
(412x1) 8192 1000  1.642819e+01
(422x1) 8192 1000  1.666672e+01
(432x1) 8192 1000  1.732868e+01
(442x1) 8192 1000  1.753062e+01
(452x1) 8192 1000  1.807411e+01
(462x1) 8192 1000  1.849608e+01
(472x1) 8192 1000  1.895576e+01
(482x1) 8192 1000  1.950510e+01
(492x1) 8192 1000  1.984680e+01
(502x1) 8192 1000  2.028772e+01
(512x1) 8192 1000  2.082407e+01
(522x1) 8192 1000  2.103483e+01
(532x1) 8192 1000  2.152600e+01
(542x1) 8192 1000  2.192230e+01
(552x1) 8192 1000  2.231350e+01
(562x1) 8192 1000  2.267958e+01
(572x1) 8192 1000  2.330826e+01
(582x1) 8192 1000  2.361502e+01
(592x1) 8192 1000  2.411480e+01
(602x1) 8192 1000  2.450000e+01
(612x1) 8192 1000  2.498318e+01
(622x1) 8192 1000  2.540821e+01
(632x1) 8192 1000  2.599587e+01
(642x1) 8192 1000  2.623061e+01
(652x1) 8192 1000  2.672462e+01
(662x1) 8192 1000  2.703577e+01
(672x1) 8192 1000  2.765576e+01
(682x1) 8192 1000  2.782132e+01
(692x1) 8192 1000  2.836897e+01
(702x1) 8192 1000  2.871318e+01
(712x1) 8192 1000  2.932579e+01
(722x1) 8192 1000  2.960900e+01
(732x1) 8192 1000  3.019177e+01
(742x1) 8192 1000  3.051870e+01
(752x1) 8192 1000  3.107484e+01
(762x1) 8192 1000  3.137156e+01
(772x1) 8192 1000  3.187860e+01
(782x1) 8192 1000  3.215045e+01
(792x1) 8192 1000  3.269714e+01
(802x1) 8192 1000  3.305539e+01
(812x1) 8192 1000  3.350687e+01
(822x1) 8192 1000  3.383939e+01
(832x1) 8192 1000  3.444891e+01
(842x1) 8192 1000  3.474564e+01
(852x1) 8192 1000  3.524807e+01
(862x1) 8192 1000  3.563315e+01
(872x1) 8192 1000  3.623510e+01
(882x1) 8192 1000  3.649920e+01
(892x1) 8192 1000  3.706874e+01
(902x1) 8192 1000  3.731542e+01
(912x1) 8192 1000  3.788030e+01
(922x1) 8192 1000  3.813171e+01
(932x1) 8192 1000  3.856277e+01
(942x1) 8192 1000  3.893847e+01
(952x1) 8192 1000  3.939376e+01
(962x1) 8192 1000  3.988879e+01
(972x1) 8192 1000  4.028370e+01
(982x1) 8192 1000  4.070438e+01
(992x1) 8192 1000  4.136468e+01
(1002x1) 8192 1000  4.159970e+01
(1012x1) 8192 1000  4.200904e+01
(1022x1) 8192 1000  4.249589e+01
