dim N iter time
(2x2) 8192 1000  2.628355e+01
(2x4) 8192 1000  1.320333e+01
(2x8) 8192 1000  6.660049e+00
(2x16) 8192 1000  3.389374e+00
(2x32) 8192 1000  1.845103e+00
(4x2) 8192 1000  1.327315e+01
(4x4) 8192 1000  6.750594e+00
(4x8) 8192 1000  3.562631e+00
(4x16) 8192 1000  2.556764e+00
(4x32) 8192 1000  1.809015e+00
(8x2) 8192 1000  7.331075e+00
(8x4) 8192 1000  4.034462e+00
(8x8) 8192 1000  2.622016e+00
(8x16) 8192 1000  2.578361e+00
(8x32) 8192 1000  1.847182e+00
(16x2) 8192 1000  4.531557e+00
(16x4) 8192 1000  3.138271e+00
(16x8) 8192 1000  2.855845e+00
(16x16) 8192 1000  2.629885e+00
(16x32) 8192 1000  2.492735e+00
(32x2) 8192 1000  5.546317e+00
(32x4) 8192 1000  5.085978e+00
(32x8) 8192 1000  4.556767e+00
(32x16) 8192 1000  4.617398e+00
(32x32) 8192 1000  4.925434e+00
(2x2) 8192 1000  2.628299e+01
(2x4) 8192 1000  1.320320e+01
(2x8) 8192 1000  6.660861e+00
(2x16) 8192 1000  3.390429e+00
(2x32) 8192 1000  1.845579e+00
(4x2) 8192 1000  1.327456e+01
(4x4) 8192 1000  6.744348e+00
(4x8) 8192 1000  3.557050e+00
(4x16) 8192 1000  2.548596e+00
(4x32) 8192 1000  1.781406e+00
(8x2) 8192 1000  7.315436e+00
(8x4) 8192 1000  4.037188e+00
(8x8) 8192 1000  2.597180e+00
(8x16) 8192 1000  2.573676e+00
(8x32) 8192 1000  1.775349e+00
(16x2) 8192 1000  4.544338e+00
(16x4) 8192 1000  3.143828e+00
(16x8) 8192 1000  2.856662e+00
(16x16) 8192 1000  2.631521e+00
(16x32) 8192 1000  2.492721e+00
(32x2) 8192 1000  5.547579e+00
(32x4) 8192 1000  5.085624e+00
(32x8) 8192 1000  4.558365e+00
(32x16) 8192 1000  4.613394e+00
(32x32) 8192 1000  4.926617e+00
(2x2) 8192 1000  2.628388e+01
(2x4) 8192 1000  1.320251e+01
(2x8) 8192 1000  6.661616e+00
(2x16) 8192 1000  3.388937e+00
(2x32) 8192 1000  1.847298e+00
(4x2) 8192 1000  1.327990e+01
(4x4) 8192 1000  6.745016e+00
(4x8) 8192 1000  3.568718e+00
(4x16) 8192 1000  2.546807e+00
(4x32) 8192 1000  1.800592e+00
(8x2) 8192 1000  7.324572e+00
(8x4) 8192 1000  4.035312e+00
(8x8) 8192 1000  2.637075e+00
(8x16) 8192 1000  2.571237e+00
(8x32) 8192 1000  1.820799e+00
(16x2) 8192 1000  4.562307e+00
(16x4) 8192 1000  3.139463e+00
(16x8) 8192 1000  2.850623e+00
(16x16) 8192 1000  2.637606e+00
(16x32) 8192 1000  2.491465e+00
(32x2) 8192 1000  5.547709e+00
(32x4) 8192 1000  5.084598e+00
(32x8) 8192 1000  4.560286e+00
(32x16) 8192 1000  4.621231e+00
(32x32) 8192 1000  4.930706e+00
(2x2) 8192 1000  2.628424e+01
(2x4) 8192 1000  1.320371e+01
(2x8) 8192 1000  6.661995e+00
(2x16) 8192 1000  3.389395e+00
(2x32) 8192 1000  1.844809e+00
(4x2) 8192 1000  1.327760e+01
(4x4) 8192 1000  6.742221e+00
(4x8) 8192 1000  3.568511e+00
(4x16) 8192 1000  2.553692e+00
(4x32) 8192 1000  1.804243e+00
(8x2) 8192 1000  7.320890e+00
(8x4) 8192 1000  4.021139e+00
(8x8) 8192 1000  2.597705e+00
(8x16) 8192 1000  2.577343e+00
(8x32) 8192 1000  1.834238e+00
(16x2) 8192 1000  4.557918e+00
(16x4) 8192 1000  3.137129e+00
(16x8) 8192 1000  2.859355e+00
(16x16) 8192 1000  2.644550e+00
(16x32) 8192 1000  2.494749e+00
(32x2) 8192 1000  5.548117e+00
(32x4) 8192 1000  5.086622e+00
(32x8) 8192 1000  4.555560e+00
(32x16) 8192 1000  4.616684e+00
(32x32) 8192 1000  4.922906e+00
(2x2) 8192 1000  2.628350e+01
(2x4) 8192 1000  1.320392e+01
(2x8) 8192 1000  6.660929e+00
(2x16) 8192 1000  3.390964e+00
(2x32) 8192 1000  1.884613e+00
(4x2) 8192 1000  1.327923e+01
(4x4) 8192 1000  6.739973e+00
(4x8) 8192 1000  3.561643e+00
(4x16) 8192 1000  2.564890e+00
(4x32) 8192 1000  1.781946e+00
(8x2) 8192 1000  7.322586e+00
(8x4) 8192 1000  4.025304e+00
(8x8) 8192 1000  2.612161e+00
(8x16) 8192 1000  2.565744e+00
(8x32) 8192 1000  1.888632e+00
(16x2) 8192 1000  4.546886e+00
(16x4) 8192 1000  3.140986e+00
(16x8) 8192 1000  2.840619e+00
(16x16) 8192 1000  2.637747e+00
(16x32) 8192 1000  2.492044e+00
(32x2) 8192 1000  5.544763e+00
(32x4) 8192 1000  5.084862e+00
(32x8) 8192 1000  4.557936e+00
(32x16) 8192 1000  4.618254e+00
(32x32) 8192 1000  4.924955e+00
(2x2) 8192 1000  2.628354e+01
(2x4) 8192 1000  1.320363e+01
(2x8) 8192 1000  6.660488e+00
(2x16) 8192 1000  3.390926e+00
(2x32) 8192 1000  1.845706e+00
(4x2) 8192 1000  1.327376e+01
(4x4) 8192 1000  6.734809e+00
(4x8) 8192 1000  3.556370e+00
(4x16) 8192 1000  2.564898e+00
(4x32) 8192 1000  1.801772e+00
(8x2) 8192 1000  7.337212e+00
(8x4) 8192 1000  4.007183e+00
(8x8) 8192 1000  2.600504e+00
(8x16) 8192 1000  2.575773e+00
(8x32) 8192 1000  1.839911e+00
(16x2) 8192 1000  4.546151e+00
(16x4) 8192 1000  3.140680e+00
(16x8) 8192 1000  2.858329e+00
(16x16) 8192 1000  2.633368e+00
(16x32) 8192 1000  2.491875e+00
(32x2) 8192 1000  5.542408e+00
(32x4) 8192 1000  5.084720e+00
(32x8) 8192 1000  4.558151e+00
(32x16) 8192 1000  4.617248e+00
(32x32) 8192 1000  4.930175e+00
(2x2) 8192 1000  2.628475e+01
(2x4) 8192 1000  1.320445e+01
(2x8) 8192 1000  6.663567e+00
(2x16) 8192 1000  3.391143e+00
(2x32) 8192 1000  1.864692e+00
(4x2) 8192 1000  1.327692e+01
(4x4) 8192 1000  6.740049e+00
(4x8) 8192 1000  3.555394e+00
(4x16) 8192 1000  2.576456e+00
(4x32) 8192 1000  1.808801e+00
(8x2) 8192 1000  7.339183e+00
(8x4) 8192 1000  4.033738e+00
(8x8) 8192 1000  2.618421e+00
(8x16) 8192 1000  2.574357e+00
(8x32) 8192 1000  1.809685e+00
(16x2) 8192 1000  4.521141e+00
(16x4) 8192 1000  3.136004e+00
(16x8) 8192 1000  2.858745e+00
(16x16) 8192 1000  2.644487e+00
(16x32) 8192 1000  2.493770e+00
(32x2) 8192 1000  5.543299e+00
(32x4) 8192 1000  5.086525e+00
(32x8) 8192 1000  4.554581e+00
(32x16) 8192 1000  4.615207e+00
(32x32) 8192 1000  4.920203e+00
(2x2) 8192 1000  2.628350e+01
(2x4) 8192 1000  1.320499e+01
(2x8) 8192 1000  6.662046e+00
(2x16) 8192 1000  3.391894e+00
(2x32) 8192 1000  1.997828e+00
(4x2) 8192 1000  1.327875e+01
(4x4) 8192 1000  6.746678e+00
(4x8) 8192 1000  3.555594e+00
(4x16) 8192 1000  2.548120e+00
(4x32) 8192 1000  1.781817e+00
(8x2) 8192 1000  7.349516e+00
(8x4) 8192 1000  4.020310e+00
(8x8) 8192 1000  2.595664e+00
(8x16) 8192 1000  2.577421e+00
(8x32) 8192 1000  1.821269e+00
(16x2) 8192 1000  4.553759e+00
(16x4) 8192 1000  3.137223e+00
(16x8) 8192 1000  2.854285e+00
(16x16) 8192 1000  2.634795e+00
(16x32) 8192 1000  2.493577e+00
(32x2) 8192 1000  5.545797e+00
(32x4) 8192 1000  5.086994e+00
(32x8) 8192 1000  4.555156e+00
(32x16) 8192 1000  4.615800e+00
(32x32) 8192 1000  4.929947e+00
(2x2) 8192 1000  2.628171e+01
(2x4) 8192 1000  1.320420e+01
(2x8) 8192 1000  6.661462e+00
(2x16) 8192 1000  3.389621e+00
(2x32) 8192 1000  1.862646e+00
(4x2) 8192 1000  1.327846e+01
(4x4) 8192 1000  6.750261e+00
(4x8) 8192 1000  3.555951e+00
(4x16) 8192 1000  2.568387e+00
(4x32) 8192 1000  1.794506e+00
(8x2) 8192 1000  7.323360e+00
(8x4) 8192 1000  4.029763e+00
(8x8) 8192 1000  2.618706e+00
(8x16) 8192 1000  2.571777e+00
(8x32) 8192 1000  1.805839e+00
(16x2) 8192 1000  4.547096e+00
(16x4) 8192 1000  3.137452e+00
(16x8) 8192 1000  2.882195e+00
(16x16) 8192 1000  2.634705e+00
(16x32) 8192 1000  2.495367e+00
(32x2) 8192 1000  5.546528e+00
(32x4) 8192 1000  5.085804e+00
(32x8) 8192 1000  4.555769e+00
(32x16) 8192 1000  4.618659e+00
(32x32) 8192 1000  4.920827e+00
(2x2) 8192 1000  2.628321e+01
(2x4) 8192 1000  1.320368e+01
(2x8) 8192 1000  6.661509e+00
(2x16) 8192 1000  3.391658e+00
(2x32) 8192 1000  1.849323e+00
(4x2) 8192 1000  1.328042e+01
(4x4) 8192 1000  6.741285e+00
(4x8) 8192 1000  3.561466e+00
(4x16) 8192 1000  2.567184e+00
(4x32) 8192 1000  1.794839e+00
(8x2) 8192 1000  7.321393e+00
(8x4) 8192 1000  4.035742e+00
(8x8) 8192 1000  2.609079e+00
(8x16) 8192 1000  2.579362e+00
(8x32) 8192 1000  1.856095e+00
(16x2) 8192 1000  4.534796e+00
(16x4) 8192 1000  3.138348e+00
(16x8) 8192 1000  2.846685e+00
(16x16) 8192 1000  2.633345e+00
(16x32) 8192 1000  2.494675e+00
(32x2) 8192 1000  5.538494e+00
(32x4) 8192 1000  5.084384e+00
(32x8) 8192 1000  4.560095e+00
(32x16) 8192 1000  4.615895e+00
(32x32) 8192 1000  4.925768e+00
(2x2) 8192 1000  2.630374e+01
(2x4) 8192 1000  1.321262e+01
(2x8) 8192 1000  6.716139e+00
(2x16) 8192 1000  3.393764e+00

(2x32) 8192 1000  1.851710e+00

(7x2) 8192 1000  7.955991e+00

(7x4) 8192 1000  4.394883e+00

(7x8) 8192 1000  2.660963e+00

(7x16) 8192 1000  2.563233e+00

(7x32) 8192 1000  1.814216e+00

(12x2) 8192 1000  5.587237e+00

(12x4) 8192 1000  3.731203e+00

(12x8) 8192 1000  2.663148e+00

(12x16) 8192 1000  2.578366e+00

(12x32) 8192 1000  1.974750e+00

(17x2) 8192 1000  4.727555e+00

(17x4) 8192 1000  3.670073e+00

(17x8) 8192 1000  3.088839e+00

(17x16) 8192 1000  2.719809e+00

(17x32) 8192 1000  2.631705e+00

(22x2) 8192 1000  5.204575e+00

(22x4) 8192 1000  4.008374e+00

(22x8) 8192 1000  3.479313e+00

(22x16) 8192 1000  3.123280e+00

(22x32) 8192 1000  3.237756e+00

(27x2) 8192 1000  5.286179e+00

(27x4) 8192 1000  4.377805e+00

(27x8) 8192 1000  4.012822e+00

(27x16) 8192 1000  3.684059e+00

(27x32) 8192 1000  3.995014e+00

(32x2) 8192 1000  5.547616e+00

(32x4) 8192 1000  5.098733e+00

(32x8) 8192 1000  4.558270e+00

(32x16) 8192 1000  4.620402e+00

(32x32) 8192 1000  4.927512e+00
